{
  "schema": "featurewise_ridge_regression_v1",
  "model_family": "featurewise_ridge_regression",
  "score_key": "relative_quality_score",
  "generated_at": "2026-07-10T20:32:19.569320Z",
  "lambda_ridge": 0.1,
  "metrics": {
    "lambda_selected": 0.1,
    "train_fit_metrics": {
      "geometry_lr_mult": {
        "mse": 0.003952488130998845,
        "rmse": 0.06286881684109258,
        "mae": 0.04228921706890243,
        "r_squared": 0.5881642132910773,
        "samples": 653
      },
      "appearance_lr_mult": {
        "mse": 0.0044809328542871635,
        "rmse": 0.06693977034833003,
        "mae": 0.05123479497721647,
        "r_squared": 0.5331020749279634,
        "samples": 653
      },
      "densification_mult": {
        "mse": 0.0071818360846156734,
        "rmse": 0.08474571425515082,
        "mae": 0.06485200969748184,
        "r_squared": 0.2516771674214321,
        "samples": 653
      },
      "lambda_search_mse": 0.005205085689967227
    },
    "theta_norms": {
      "geometry_lr_mult": 0.08676502401158931,
      "appearance_lr_mult": 0.09828639576545398,
      "densification_mult": 1.011636261089259
    },
    "lambda_search": [
      {
        "lambda_ridge": 0.1,
        "lambda_search_mse": 0.005205085689967227
      },
      {
        "lambda_ridge": 0.5,
        "lambda_search_mse": 0.005266632300733722
      },
      {
        "lambda_ridge": 1.0,
        "lambda_search_mse": 0.005354249510492518
      },
      {
        "lambda_ridge": 2.0,
        "lambda_search_mse": 0.005483301420051945
      },
      {
        "lambda_ridge": 5.0,
        "lambda_search_mse": 0.005659607276428669
      },
      {
        "lambda_ridge": 10.0,
        "lambda_search_mse": 0.005760390492208617
      },
      {
        "lambda_ridge": 20.0,
        "lambda_search_mse": 0.005832872773479324
      }
    ],
    "candidate_points": 21
  },
  "model": {
    "version": 6,
    "model_family": "featurewise_ridge_regression",
    "mode": "exif_compact_featurewise",
    "lambda_ridge": 0.1,
    "runs": 653,
    "score_mean": -0.05882634325366432,
    "feature_scalers": {
      "geometry_lr_mult": {
        "focal_norm": {
          "mean": 2.2583246923306626,
          "std": 0.5996212937563834
        },
        "gsd_norm": {
          "mean": -3.1423516304377657,
          "std": 0.7018594813871374
        },
        "overlap_proxy": {
          "mean": 0.8344149539908187,
          "std": 0.1174921011583744
        },
        "coverage_spread": {
          "mean": 0.3119903608501393,
          "std": 0.21969967030522647
        },
        "camera_angle_bucket": {
          "mean": 2.0,
          "std": 0.01
        },
        "heading_consistency": {
          "mean": 0.6376676093622955,
          "std": 0.2112850008192953
        },
        "blur_motion_risk": {
          "mean": 0.8751681431575808,
          "std": 0.04387669657325003
        },
        "terrain_roughness_proxy": {
          "mean": 0.7366807807919021,
          "std": 0.18978087653152384
        },
        "vegetation_cover": {
          "mean": 0.14666719615240495,
          "std": 0.1700361854298682
        }
      },
      "appearance_lr_mult": {
        "iso_norm": {
          "mean": 4.825646794196507,
          "std": 0.34835878908465023
        },
        "image_resolution_norm": {
          "mean": 1.3598214395099542,
          "std": 0.1577984250239562
        },
        "blur_motion_risk": {
          "mean": 0.8751681431575808,
          "std": 0.04387669657325003
        },
        "texture_density": {
          "mean": 0.16011916299611173,
          "std": 0.05395526944809587
        },
        "vegetation_cover": {
          "mean": 0.14666719615240495,
          "std": 0.1700361854298682
        },
        "vegetation_complexity": {
          "mean": 0.15261521449652013,
          "std": 0.09572720100732542
        }
      },
      "densification_mult": {
        "gsd_norm": {
          "mean": -3.1423516304377657,
          "std": 0.7018594813871374
        },
        "overlap_proxy": {
          "mean": 0.8344149539908187,
          "std": 0.1174921011583744
        },
        "coverage_spread": {
          "mean": 0.3119903608501393,
          "std": 0.21969967030522647
        },
        "camera_angle_bucket": {
          "mean": 2.0,
          "std": 0.01
        },
        "texture_density": {
          "mean": 0.16011916299611173,
          "std": 0.05395526944809587
        },
        "blur_motion_risk": {
          "mean": 0.8751681431575808,
          "std": 0.04387669657325003
        },
        "terrain_roughness_proxy": {
          "mean": 0.7366807807919021,
          "std": 0.18978087653152384
        },
        "vegetation_complexity": {
          "mean": 0.15261521449652013,
          "std": 0.09572720100732542
        }
      }
    },
    "candidate_points": 21,
    "log_multiplier_bounds": {
      "geometry_lr_mult": [
        0.2,
        5.0
      ],
      "appearance_lr_mult": [
        0.2,
        5.0
      ],
      "densification_mult": [
        0.7,
        1.43
      ]
    },
    "models": {
      "geometry_lr_mult": {
        "A": [
          [
            653.1,
            2.899902540320909e-13,
            -1.580957587066223e-13,
            -4.914957330015568e-13,
            -3.108624468950438e-14,
            0.0,
            -2.5424107263916085e-14,
            -3.597122599785507e-14,
            1.4717116414431075e-12,
            3.80112608056038e-14,
            -11.78610866196122,
            557.8155213319874,
            -2.4799110467399483,
            -3.699240794831729,
            9.540010655263593,
            5.177411557028968,
            0.0,
            9.724652212499048,
            -10.689744448222108,
            11.27694247384958,
            -0.02055857694607087
          ],
          [
            2.899902540320909e-13,
            653.0999999999975,
            -97.24166315485779,
            -12.309385632588185,
            292.928898911411,
            0.0,
            -16.028463152499157,
            27.884431102425708,
            -1.0896665261630956,
            -58.33381357667516,
            -2.4799110467399483,
            0.6279911753571734,
            -21.873716900827613,
            3.613418628424167,
            -11.745810794165207,
            -3.923939725148864,
            0.0,
            1.4281930912780374,
            4.494932352153839,
            -8.137581275027896,
            -2.8858348854058655
          ],
          [
            -1.580957587066223e-13,
            -97.24166315485779,
            653.1000000000014,
            80.38138579140934,
            280.42931082376964,
            0.0,
            207.29389692605216,
            -144.988410036999,
            -236.324693124375,
            -128.4952617502119,
            -3.699240794831729,
            -0.811037866600553,
            3.61341862842417,
            -8.415564379587197,
            -1.2169076442652818,
            2.961682315053612,
            0.0,
            1.7656953977174208,
            -9.836635057972275,
            11.620255912721685,
            1.5172220962180514
          ],
          [
            -4.914957330015568e-13,
            -12.309385632588185,
            80.38138579140934,
            653.100000000001,
            -79.32940932163763,
            0.0,
            214.03865165203808,
            60.09302248612229,
            11.121575258919485,
            22.04608382789187,
            9.540010655263593,
            -4.544470342079255,
            -11.745810794165203,
            -1.2169076442652846,
            -45.76593275277007,
            0.24278504819903163,
            0.0,
            -11.704140985899528,
            5.361931208789768,
            -13.535426071435593,
            -8.925237823963956
          ],
          [
            -3.108624468950438e-14,
            292.928898911411,
            280.42931082376964,
            -79.32940932163763,
            653.1000000000004,
            0.0,
            319.8862875840199,
            -271.4565916607546,
            -173.5737878546873,
            -246.28859610253446,
            5.177411557028968,
            -10.043736958124086,
            -3.923939725148864,
            2.961682315053604,
            0.24278504819902874,
            12.044526657344308,
            0.0,
            10.868427095130224,
            -16.13655686977422,
            3.123002145647053,
            -4.474835603495472
          ],
          [
            0.0,
            0.0,
            0.0,
            0.0,
            0.0,
            0.1,
            0.0,
            0.0,
            0.0,
            0.0,
            0.0,
            0.0,
            0.0,
            0.0,
            0.0,
            0.0,
            0.0,
            0.0,
            0.0,
            0.0,
            0.0
          ],
          [
            -2.5424107263916085e-14,
            -16.028463152499157,
            207.29389692605216,
            214.03865165203808,
            319.8862875840199,
            0.0,
            653.100000000001,
            -107.62330774519042,
            -67.54875920318665,
            -231.24363628623013,
            9.724652212499048,
            -10.857441166430355,
            1.4281930912780432,
            1.7656953977174168,
            -11.704140985899528,
            10.868427095130228,
            0.0,
            1.4436829221876897,
            -10.132123071054519,
            -2.613213782796665,
            -5.9788305991435555
          ],
          [
            -3.597122599785507e-14,
            27.884431102425708,
            -144.988410036999,
            60.09302248612229,
            -271.4565916607546,
            0.0,
            -107.62330774519042,
            653.0999999999973,
            -237.54494132036177,
            9.087721893236075,
            -10.689744448222108,
            7.0024516078681565,
            4.494932352153836,
            -9.836635057972273,
            5.361931208789764,
            -16.136556869774235,
            0.0,
            -10.132123071054515,
            3.18751101180985,
            15.305841000968433,
            10.5825527140931
          ],
          [
            1.4717116414431075e-12,
            -1.0896665261630956,
            -236.324693124375,
            11.121575258919485,
            -173.5737878546873,
            0.0,
            -67.54875920318665,
            -237.54494132036177,
            653.0999999999982,
            24.382975113609803,
            11.27694247384958,
            2.221076394615386,
            -8.137581275027895,
            11.620255912721685,
            -13.535426071435593,
            3.1230021456470523,
            0.0,
            -2.613213782796673,
            15.305841000968433,
            -28.44848643200144,
            -7.128692955713627
          ],
          [
            3.80112608056038e-14,
            -58.33381357667516,
            -128.4952617502119,
            22.04608382789187,
            -246.28859610253446,
            0.0,
            -231.24363628623013,
            9.087721893236075,
            24.382975113609803,
            653.0999999999995,
            -0.02055857694607087,
            5.202703224501108,
            -2.8858348854058646,
            1.517222096218047,
            -8.925237823963958,
            -4.474835603495474,
            0.0,
            -5.978830599143562,
            10.5825527140931,
            -7.128692955713633,
            -4.922555110562811
          ],
          [
            -11.78610866196122,
            -2.4799110467399483,
            -3.699240794831729,
            9.540010655263593,
            5.177411557028968,
            0.0,
            9.724652212499048,
            -10.689744448222108,
            11.27694247384958,
            -0.02055857694607087,
            557.9155213319873,
            -16.09727415399937,
            0.6279911753571568,
            -0.8110378666005319,
            -4.54447034207927,
            -10.04373695812409,
            0.0,
            -10.857441166430373,
            7.002451607868142,
            2.2210763946154075,
            5.202703224501099
          ],
          [
            557.8155213319874,
            0.6279911753571734,
            -0.811037866600553,
            -4.544470342079255,
            -10.043736958124086,
            0.0,
            -10.857441166430355,
            7.0024516078681565,
            2.221076394615386,
            5.202703224501108,
            -16.09727415399937,
            906.6172884497928,
            -2.6392575773898623,
            -3.6520468141268356,
            15.872720038348879,
            21.91850968859785,
            0.0,
            26.220699338874127,
            -28.886535404288033,
            15.858261352583016,
            -5.092411859442674
          ],
          [
            -2.4799110467399483,
            -21.873716900827613,
            3.61341862842417,
            -11.745810794165203,
            -3.923939725148864,
            0.0,
            1.4281930912780432,
            4.494932352153836,
            -8.137581275027895,
            -2.8858348854058646,
            0.6279911753571568,
            -2.6392575773898623,
            566.3961304237341,
            -87.38807698366288,
            -12.099275036977165,
            247.85875018120888,
            0.0,
            -18.731916154952334,
            28.64286052943237,
            0.10309832103649974,
            -49.08173168735089
          ],
          [
            -3.699240794831729,
            3.613418628424167,
            -8.415564379587197,
            -1.2169076442652846,
            2.961682315053604,
            0.0,
            1.7656953977174168,
            -9.836635057972273,
            11.620255912721685,
            1.517222096218047,
            -0.8110378666005319,
            -3.6520468141268356,
            -87.38807698366288,
            555.7118995549673,
            71.9255332381097,
            230.6860262039539,
            0.0,
            175.64851156372484,
            -117.48788006226563,
            -200.11189397828284,
            -111.53876403070346
          ],
          [
            9.540010655263593,
            -11.745810794165207,
            -1.2169076442652818,
            -45.76593275277007,
            0.24278504819902874,
            0.0,
            -11.704140985899528,
            5.361931208789764,
            -13.535426071435593,
            -8.925237823963958,
            -4.54447034207927,
            15.872720038348879,
            -12.099275036977165,
            71.9255332381097,
            569.2273518540411,
            -71.44680103357702,
            0.0,
            183.41962827359296,
            57.23927664056178,
            6.650196809266973,
            19.848052996075367
          ],
          [
            5.177411557028968,
            -3.923939725148864,
            2.961682315053612,
            0.24278504819903163,
            12.044526657344308,
            0.0,
            10.868427095130228,
            -16.136556869774235,
            3.1230021456470523,
            -4.474835603495474,
            -10.04373695812409,
            21.91850968859785,
            247.85875018120888,
            230.6860262039539,
            -71.44680103357702,
            535.5162154890486,
            0.0,
            258.23873775844567,
            -212.96639669266253,
            -146.65884867634895,
            -205.92074210341133
          ],
          [
            0.0,
            0.0,
            0.0,
            0.0,
            0.0,
            0.0,
            0.0,
            0.0,
            0.0,
            0.0,
            0.0,
            0.0,
            0.0,
            0.0,
            0.0,
            0.0,
            0.1,
            0.0,
            0.0,
            0.0,
            0.0
          ],
          [
            9.724652212499048,
            1.4281930912780374,
            1.7656953977174208,
            -11.704140985899528,
            10.868427095130224,
            0.0,
            1.4436829221876897,
            -10.132123071054515,
            -2.613213782796673,
            -5.978830599143562,
            -10.857441166430373,
            26.220699338874127,
            -18.731916154952334,
            175.64851156372484,
            183.41962827359296,
            258.23873775844567,
            0.0,
            552.327946765441,
            -78.1847948949301,
            -58.48165145064826,
            -194.29496419889617
          ],
          [
            -10.689744448222108,
            4.494932352153839,
            -9.836635057972275,
            5.361931208789768,
            -16.13655686977422,
            0.0,
            -10.132123071054519,
            3.18751101180985,
            15.305841000968433,
            10.5825527140931,
            7.002451607868142,
            -28.886535404288033,
            28.64286052943237,
            -117.48788006226563,
            57.23927664056178,
            -212.96639669266253,
            0.0,
            -78.1847948949301,
            547.8162518467751,
            -206.6328901558629,
            2.0290867571243365
          ],
          [
            11.27694247384958,
            -8.137581275027896,
            11.620255912721685,
            -13.535426071435593,
            3.123002145647053,
            0.0,
            -2.613213782796665,
            15.305841000968433,
            -28.44848643200144,
            -7.128692955713633,
            2.2210763946154075,
            15.858261352583016,
            0.10309832103649974,
            -200.11189397828284,
            6.650196809266973,
            -146.65884867634895,
            0.0,
            -58.48165145064826,
            -206.6328901558629,
            560.6382537281638,
            22.165334273011453
          ],
          [
            -0.02055857694607087,
            -2.8858348854058655,
            1.5172220962180514,
            -8.925237823963956,
            -4.474835603495472,
            0.0,
            -5.9788305991435555,
            10.5825527140931,
            -7.128692955713627,
            -4.922555110562811,
            5.202703224501099,
            -5.092411859442674,
            -49.08173168735089,
            -111.53876403070346,
            19.848052996075367,
            -205.92074210341133,
            0.0,
            -194.29496419889617,
            2.0290867571243365,
            22.165334273011453,
            561.4931213240583
          ]
        ],
        "b": [
          -38.4136021446428,
          -4.3674919141534625,
          -1.9565999661874862,
          2.8354974288648553,
          -8.396075166925456,
          0.0,
          -2.602680351346221,
          6.199553067494659,
          -0.017157525068881352,
          3.588219215578838,
          39.09776288075749,
          -51.778751045621135,
          -2.254406517333195,
          3.6904818470932463,
          -2.7773488374402446,
          -0.3264240380433924,
          0.0,
          -2.6107785794535885,
          -1.2311818193213506,
          -3.0510510530966166,
          -1.0015664853385173
        ],
        "n": 653,
        "design_dim": 21,
        "context_features": [
          "intercept",
          "focal_norm",
          "gsd_norm",
          "overlap_proxy",
          "coverage_spread",
          "camera_angle_bucket",
          "heading_consistency",
          "blur_motion_risk",
          "terrain_roughness_proxy",
          "vegetation_cover"
        ],
        "design": "x_plus_a_plus_a2_plus_xa",
        "action_space": "log_multiplier",
        "action_bounds": [
          -1.6094379124341003,
          1.6094379124341003
        ]
      },
      "appearance_lr_mult": {
        "A": [
          [
            653.1,
            -8.72635297355373e-13,
            -9.64339719189411e-13,
            -3.597122599785507e-14,
            2.2160051571518125e-13,
            3.80112608056038e-14,
            -2.375877272697835e-14,
            -34.19123899582674,
            531.6061027185843,
            15.106473327199792,
            1.8116346658352356,
            20.927364881604692,
            -21.887497137162907,
            19.060597696502292,
            13.111446254269596
          ],
          [
            -8.72635297355373e-13,
            653.0999999999959,
            141.81263237962435,
            264.7439791628613,
            -264.70932060968005,
            -179.4117593986911,
            -240.52854682132897,
            15.106473327199792,
            7.190113475988358,
            -15.133405597784272,
            1.1784861672065112,
            -24.49002060490504,
            25.95603437168758,
            -7.05529085480083,
            -0.5276421080573135
          ],
          [
            -9.64339719189411e-13,
            141.81263237962435,
            653.0999999999987,
            -112.77182736029698,
            115.11430045138746,
            -233.55628763264153,
            -199.0935286967092,
            1.8116346658352356,
            -1.0670274018269497,
            1.178486167206514,
            -24.88916817009657,
            13.769693453245045,
            -11.441554378620626,
            5.57787049316058,
            2.5168152194242697
          ],
          [
            -3.597122599785507e-14,
            264.7439791628613,
            -112.77182736029698,
            653.0999999999973,
            -646.4356675052024,
            9.087721893236075,
            -153.82175601944678,
            20.927364881604692,
            14.062157551245745,
            -24.49002060490504,
            13.769693453245045,
            -65.47930255927025,
            66.97622146864026,
            -9.95488193221701,
            7.137606252957443
          ],
          [
            2.2160051571518125e-13,
            -264.70932060968005,
            115.11430045138746,
            -646.4356675052024,
            653.1000000000007,
            -15.557473046814009,
            148.5864392896497,
            -21.887497137162907,
            -14.449186760723972,
            25.95603437168758,
            -11.441554378620623,
            66.97622146864026,
            -69.46409508479742,
            8.850754778134696,
            -8.82635562599401
          ],
          [
            3.80112608056038e-14,
            -179.4117593986911,
            -233.55628763264153,
            9.087721893236075,
            -15.557473046814009,
            653.0999999999995,
            631.8558379829327,
            19.060597696502292,
            11.981601706219799,
            -7.055290854800827,
            5.577870493160576,
            -9.95488193221701,
            8.850754778134693,
            -8.784476548193975,
            -6.306197976983053
          ],
          [
            -2.375877272697835e-14,
            -240.52854682132897,
            -199.0935286967092,
            -153.82175601944678,
            148.5864392896497,
            631.8558379829327,
            653.099999999998,
            13.111446254269596,
            8.029423437770195,
            -0.5276421080573167,
            2.5168152194242652,
            7.137606252957445,
            -8.826355625994006,
            -6.30619797698305,
            -8.350934062482324
          ],
          [
            -34.19123899582674,
            15.106473327199792,
            1.8116346658352356,
            20.927364881604692,
            -21.887497137162907,
            19.060597696502292,
            13.111446254269596,
            531.7061027185844,
            -49.3827497934055,
            7.190113475988351,
            -1.0670274018269867,
            14.062157551245718,
            -14.449186760723972,
            11.981601706219799,
            8.02942343777018
          ],
          [
            531.6061027185843,
            7.190113475988358,
            -1.0670274018269497,
            14.062157551245745,
            -14.449186760723972,
            11.981601706219799,
            8.029423437770195,
            -49.3827497934055,
            822.2534865366285,
            23.91766159435158,
            2.4356193792075644,
            38.033839407973815,
            -40.10112096491969,
            31.748447673857296,
            20.849499211979452
          ],
          [
            15.106473327199792,
            -15.133405597784272,
            1.178486167206514,
            -24.49002060490504,
            25.95603437168758,
            -7.055290854800827,
            -0.5276421080573167,
            7.190113475988351,
            23.91766159435158,
            541.5801665797713,
            122.00385040024068,
            207.40599196527663,
            -206.64449125786913,
            -155.55776361916736,
            -202.91317431632336
          ],
          [
            1.8116346658352356,
            1.1784861672065112,
            -24.88916817009657,
            13.769693453245045,
            -11.441554378620623,
            5.577870493160576,
            2.5168152194242652,
            -1.0670274018269867,
            2.4356193792075644,
            122.00385040024068,
            536.6564718934675,
            -82.58498126412454,
            85.08968570669262,
            -194.2351620706481,
            -168.29467669848486
          ],
          [
            20.927364881604692,
            -24.49002060490504,
            13.769693453245045,
            -65.47930255927025,
            66.97622146864026,
            -9.95488193221701,
            7.137606252957445,
            14.062157551245718,
            38.033839407973815,
            207.40599196527663,
            -82.58498126412454,
            509.1791243473317,
            -502.78882153125846,
            -1.3667856704687158,
            -127.8516420490366
          ],
          [
            -21.887497137162907,
            25.95603437168758,
            -11.441554378620626,
            66.97622146864026,
            -69.46409508479742,
            8.850754778134693,
            -8.826355625994006,
            -14.449186760723972,
            -40.10112096491969,
            -206.64449125786913,
            85.08968570669262,
            -502.78882153125846,
            507.27036722740286,
            -4.382760776838219,
            122.87159073139688
          ],
          [
            19.060597696502292,
            -7.05529085480083,
            5.57787049316058,
            -9.95488193221701,
            8.850754778134696,
            -8.784476548193975,
            -6.30619797698305,
            11.981601706219799,
            31.748447673857296,
            -155.55776361916736,
            -194.2351620706481,
            -1.3667856704687158,
            -4.382760776838219,
            544.312203343327,
            528.7785724544397
          ],
          [
            13.111446254269596,
            -0.5276421080573135,
            2.5168152194242697,
            7.137606252957443,
            -8.82635562599401,
            -6.306197976983053,
            -8.350934062482324,
            8.02942343777018,
            20.849499211979452,
            -202.91317431632336,
            -168.29467669848486,
            -127.8516420490366,
            122.87159073139688,
            528.7785724544397,
            546.2243223354702
          ]
        ],
        "b": [
          -38.4136021446428,
          4.24086468760429,
          1.7317756931756128,
          6.199553067494659,
          -6.431320911651582,
          3.588219215578838,
          1.8726043943827195,
          16.88851679283047,
          -64.6900421718324,
          -0.8649377696864349,
          -1.3948363686403435,
          -2.0925961756921145,
          2.3372320245095555,
          -1.6842129051023387,
          -1.0588357072737171
        ],
        "n": 653,
        "design_dim": 15,
        "context_features": [
          "intercept",
          "iso_norm",
          "image_resolution_norm",
          "blur_motion_risk",
          "texture_density",
          "vegetation_cover",
          "vegetation_complexity"
        ],
        "design": "x_plus_a_plus_a2_plus_xa",
        "action_space": "log_multiplier",
        "action_bounds": [
          -1.6094379124341003,
          1.6094379124341003
        ]
      },
      "densification_mult": {
        "A": [
          [
            653.1,
            -1.580957587066223e-13,
            -4.914957330015568e-13,
            -3.108624468950438e-14,
            0.0,
            2.2160051571518125e-13,
            -3.597122599785507e-14,
            1.4717116414431075e-12,
            -2.375877272697835e-14,
            4.6467102777498095,
            29.786286963430058,
            0.977465712640834,
            0.4561228582300654,
            4.574125831605283,
            0.0,
            3.6444773590986514,
            -3.4569363283335326,
            -0.6766750019152157,
            -0.6797004143640181
          ],
          [
            -1.580957587066223e-13,
            653.1000000000014,
            80.38138579140934,
            280.42931082376964,
            0.0,
            147.92467416713524,
            -144.988410036999,
            -236.324693124375,
            -89.80493226577995,
            0.977465712640834,
            0.10264603899508663,
            3.7832130428656083,
            -0.294477087137151,
            4.2226207064048475,
            0.0,
            2.9282755338823034,
            -2.803240902835843,
            -1.727195559058791,
            0.15515979651191797
          ],
          [
            -4.914957330015568e-13,
            80.38138579140934,
            653.100000000001,
            -79.32940932163763,
            0.0,
            -23.742804855049076,
            60.09302248612229,
            11.121575258919485,
            12.149956713974095,
            0.4561228582300654,
            -0.20081934708445479,
            -0.29447708713715154,
            2.859985519331893,
            -0.21566799770884593,
            0.0,
            -0.51122671798485,
            0.7646735482946061,
            -0.4110291240414646,
            -0.9927143411060692
          ],
          [
            -3.108624468950438e-14,
            280.42931082376964,
            -79.32940932163763,
            653.1000000000004,
            0.0,
            269.6213876695576,
            -271.4565916607546,
            -173.5737878546873,
            -170.8475795558689,
            4.574125831605283,
            0.10435458930950058,
            4.222620706404848,
            -0.21566799770884504,
            11.96866765232101,
            0.0,
            9.253722583767958,
            -9.154657456038755,
            -1.1824518400532456,
            -0.9049275157703576
          ],
          [
            0.0,
            0.0,
            0.0,
            0.0,
            0.1,
            0.0,
            0.0,
            0.0,
            0.0,
            0.0,
            0.0,
            0.0,
            0.0,
            0.0,
            0.0,
            0.0,
            0.0,
            0.0,
            0.0
          ],
          [
            2.2160051571518125e-13,
            147.92467416713524,
            -23.742804855049076,
            269.6213876695576,
            0.0,
            653.1000000000007,
            -646.4356675052024,
            260.1573831800254,
            148.5864392896497,
            3.6444773590986514,
            -0.09527474755561133,
            2.928275533882304,
            -0.5112267179848513,
            9.253722583767958,
            0.0,
            9.273550266059306,
            -9.174759203500768,
            0.16260069151925616,
            0.2924909054582764
          ],
          [
            -3.597122599785507e-14,
            -144.988410036999,
            60.09302248612229,
            -271.4565916607546,
            0.0,
            -646.4356675052024,
            653.0999999999973,
            -237.54494132036177,
            -153.82175601944678,
            -3.4569363283335326,
            0.08365221115916473,
            -2.8032409028358414,
            0.7646735482946059,
            -9.15465745603876,
            0.0,
            -9.174759203500768,
            9.230497600738655,
            -0.39024288144643304,
            -0.23012670244565703
          ],
          [
            1.4717116414431075e-12,
            -236.324693124375,
            11.121575258919485,
            -173.5737878546873,
            0.0,
            260.1573831800254,
            -237.54494132036177,
            653.0999999999982,
            88.8519342706133,
            -0.6766750019152157,
            -0.24969955957174672,
            -1.7271955590587893,
            -0.4110291240414636,
            -1.182451840053246,
            0.0,
            0.16260069151925666,
            -0.3902428814464331,
            2.4560336104880887,
            0.08517800759221841
          ],
          [
            -2.375877272697835e-14,
            -89.80493226577995,
            12.149956713974095,
            -170.8475795558689,
            0.0,
            148.5864392896497,
            -153.82175601944678,
            88.8519342706133,
            653.099999999998,
            -0.6797004143640181,
            -0.15563301526725434,
            0.1551597965119178,
            -0.9927143411060687,
            -0.9049275157703596,
            0.0,
            0.2924909054582758,
            -0.2301267024456563,
            0.08517800759221858,
            1.9945909307380432
          ],
          [
            4.6467102777498095,
            0.977465712640834,
            0.4561228582300654,
            4.574125831605283,
            0.0,
            3.6444773590986514,
            -3.4569363283335326,
            -0.6766750019152157,
            -0.6797004143640181,
            29.88628696343006,
            0.5624974191117285,
            0.1026460389950875,
            -0.20081934708445434,
            0.10435458930950157,
            0.0,
            -0.09527474755561136,
            0.08365221115916477,
            -0.24969955957174583,
            -0.15563301526725437
          ],
          [
            29.786286963430058,
            0.10264603899508663,
            -0.20081934708445479,
            0.10435458930950058,
            0.0,
            -0.09527474755561133,
            0.08365221115916473,
            -0.24969955957174672,
            -0.15563301526725434,
            0.5624974191117285,
            2.568944207619037,
            0.07210962524865427,
            0.0054873547854794435,
            0.2805092484418593,
            0.0,
            0.213619212255503,
            -0.19626341077246212,
            -0.0841817468526697,
            -0.04902617140064019
          ],
          [
            0.977465712640834,
            3.7832130428656083,
            -0.29447708713715154,
            4.222620706404848,
            0.0,
            2.928275533882304,
            -2.8032409028358414,
            -1.7271955590587893,
            0.1551597965119178,
            0.1026460389950875,
            0.07210962524865427,
            29.831342897355427,
            3.6032063902626117,
            12.769403012980447,
            0.0,
            6.569724459485741,
            -6.443763906176397,
            -10.957158477423702,
            -4.116470449259215
          ],
          [
            0.4561228582300654,
            -0.294477087137151,
            2.859985519331893,
            -0.21566799770884504,
            0.0,
            -0.5112267179848513,
            0.7646735482946059,
            -0.4110291240414636,
            -0.9927143411060687,
            -0.20081934708445434,
            0.0054873547854794435,
            3.6032063902626117,
            30.68824311009541,
            -3.5459407171479516,
            0.0,
            -0.8547270943529167,
            2.5280353124907435,
            0.8807322687102528,
            0.7881537498661072
          ],
          [
            4.574125831605283,
            4.2226207064048475,
            -0.21566799770884593,
            11.96866765232101,
            0.0,
            9.253722583767958,
            -9.15465745603876,
            -1.182451840053246,
            -0.9049275157703596,
            0.10435458930950157,
            0.2805092484418593,
            12.769403012980447,
            -3.5459407171479516,
            29.817577806199807,
            0.0,
            12.240066041727356,
            -12.323052941074636,
            -7.9161221336061836,
            -7.721473091329834
          ],
          [
            0.0,
            0.0,
            0.0,
            0.0,
            0.0,
            0.0,
            0.0,
            0.0,
            0.0,
            0.0,
            0.0,
            0.0,
            0.0,
            0.0,
            0.1,
            0.0,
            0.0,
            0.0,
            0.0
          ],
          [
            3.6444773590986514,
            2.9282755338823034,
            -0.51122671798485,
            9.253722583767958,
            0.0,
            9.273550266059306,
            -9.174759203500768,
            0.16260069151925666,
            0.2924909054582758,
            -0.09527474755561136,
            0.213619212255503,
            6.569724459485741,
            -0.8547270943529167,
            12.240066041727356,
            0.0,
            29.89946716884452,
            -29.471379482852253,
            12.116709757000121,
            6.917395897465736
          ],
          [
            -3.4569363283335326,
            -2.803240902835843,
            0.7646735482946061,
            -9.154657456038755,
            0.0,
            -9.174759203500768,
            9.230497600738655,
            -0.3902428814464331,
            -0.2301267024456563,
            0.08365221115916477,
            -0.19626341077246212,
            -6.443763906176397,
            2.5280353124907435,
            -12.323052941074636,
            0.0,
            -29.471379482852253,
            29.840192099644185,
            -11.065523247008091,
            -7.132911609750227
          ],
          [
            -0.6766750019152157,
            -1.727195559058791,
            -0.4110291240414646,
            -1.1824518400532456,
            0.0,
            0.16260069151925616,
            -0.39024288144643304,
            2.4560336104880887,
            0.08517800759221858,
            -0.24969955957174583,
            -0.0841817468526697,
            -10.957158477423702,
            0.8807322687102528,
            -7.9161221336061836,
            0.0,
            12.116709757000121,
            -11.065523247008091,
            30.17844276266571,
            4.286407581753001
          ],
          [
            -0.6797004143640181,
            0.15515979651191797,
            -0.9927143411060692,
            -0.9049275157703576,
            0.0,
            0.2924909054582764,
            -0.23012670244565703,
            0.08517800759221841,
            1.9945909307380432,
            -0.15563301526725437,
            -0.04902617140064019,
            -4.116470449259215,
            0.7881537498661072,
            -7.721473091329834,
            0.0,
            6.917395897465736,
            -7.132911609750227,
            4.286407581753001,
            29.7472923659918
          ]
        ],
        "b": [
          -38.4136021446428,
          -1.9565999661874862,
          2.8354974288648553,
          -8.396075166925456,
          0.0,
          -6.431320911651582,
          6.199553067494659,
          -0.017157525068881352,
          1.8726043943827195,
          1.4063907864691343,
          -0.5239281130567238,
          0.2458172410174917,
          -0.31640148958226266,
          -0.5587284473942922,
          0.0,
          -0.6079271865438264,
          0.5677966598105038,
