{
  "schema": "compact_featurewise_ridge_regression_v1",
  "model": {
    "version": 1,
    "model_family": "compact_featurewise_ridge_regression",
    "mode": "exif_compact_featurewise",
    "lambda_ridge": 0.1,
    "runs": 653,
    "score_mean": -0.05882634325366432,
    "feature_scaler": {
      "gsd_median": {
        "mean": -3.1423516304377657,
        "std": 0.7018594813871374
      },
      "overlap_proxy": {
        "mean": 0.8344149539908187,
        "std": 0.1174921011583744
      },
      "coverage_spread": {
        "mean": 0.2897851541120076,
        "std": 0.22478409971089924
      },
      "camera_angle_bucket": {
        "mean": 2.0,
        "std": 0.01
      },
      "heading_consistency": {
        "mean": 0.6376676093622955,
        "std": 0.2112850008192953
      },
      "texture_density": {
        "mean": 0.16011916299611173,
        "std": 0.05395526944809587
      },
      "blur_motion_risk": {
        "mean": 0.8751681431575808,
        "std": 0.04387669657325003
      },
      "terrain_roughness_proxy": {
        "mean": 0.7366807807919021,
        "std": 0.18978087653152384
      },
      "vegetation_complexity_score": {
        "mean": 0.15261521449652013,
        "std": 0.09572720100732542
      },
      "vegetation_cover_percentage": {
        "mean": 0.14666719615240495,
        "std": 0.1700361854298682
      }
    },
    "candidate_points": 21,
    "log_multiplier_bounds": {
      "geometry_lr_mult": [
        0.2,
        5.0
      ],
      "appearance_lr_mult": [
        0.2,
        5.0
      ],
      "densification_mult": [
        0.7,
        1.43
      ]
    },
    "action_space": "joint_log_multiplier",
    "design": "x_plus_three_actions_plus_action2_plus_xa",
    "A": [
      [
        653.1,
        -1.580957587066223e-13,
        -4.914957330015568e-13,
        -9.216932772559971e-14,
        0.0,
        -2.5424107263916085e-14,
        2.2160051571518125e-13,
        -3.597122599785507e-14,
        1.4717116414431075e-12,
        -2.375877272697835e-14,
        3.80112608056038e-14,
        -11.78610866196122,
        -34.19123899582674,
        4.6467102777498095,
        557.8155213319874,
        531.6061027185843,
        29.786286963430058,
        -3.699240794831729,
        9.540010655263593,
        4.380762378354379,
        0.0,
        9.724652212499048,
        10.774950229786876,
        -10.689744448222108,
        11.27694247384958,
        2.8477282652655385,
        -0.02055857694607087,
        -11.580235859657883,
        5.418922461288332,
        -39.176474869061636,
        0.0,
        -19.592701202653764,
        -21.887497137162907,
        20.927364881604692,
        17.206429414052664,
        13.111446254269596,
        19.060597696502292,
        0.977465712640834,
        0.4561228582300654,
        4.359503600612991,
        0.0,
        2.915721928199393,
        3.6444773590986514,
        -3.4569363283335326,
        -0.6766750019152157,
        -0.6797004143640181,
        -1.6556214428138296
      ],
      [
        -1.580957587066223e-13,
        653.1000000000014,
        80.38138579140934,
        260.61077443618666,
        0.0,
        207.29389692605216,
        147.92467416713524,
        -144.988410036999,
        -236.324693124375,
        -89.80493226577995,
        -128.4952617502119,
        -3.699240794831729,
        -11.580235859657883,
        0.977465712640834,
        -0.811037866600553,
        -5.594308559831414,
        0.10264603899508663,
        -8.415564379587197,
        -1.2169076442652818,
        2.6305274894338924,
        0.0,
        1.7656953977174208,
        10.003478446230412,
        -9.836635057972275,
        11.620255912721685,
        4.022466499042086,
        1.5172220962180514,
        -26.64186687672401,
        5.684249525939168,
        -31.300744982137804,
        0.0,
        -8.218385133408862,
        -13.755798160258646,
        13.164576586033853,
        21.79573799534647,
        -0.7125048967329873,
        2.834215965681656,
        3.7832130428656083,
        -0.294477087137151,
        4.104555185524137,
        0.0,
        1.7615783021675504,
        2.9282755338823034,
        -2.803240902835843,
        -1.727195559058791,
        0.15515979651191797,
        -0.5946176615651015
      ],
      [
        -4.914957330015568e-13,
        80.38138579140934,
        653.100000000001,
        106.06781232081298,
        0.0,
        214.03865165203808,
        -23.742804855049076,
        60.09302248612229,
        11.121575258919485,
        12.149956713974095,
        22.04608382789187,
        9.540010655263593,
        5.418922461288332,
        0.4561228582300654,
        -4.544470342079255,
        -2.090564790652981,
        -0.20081934708445479,
        -1.2169076442652846,
        -45.76593275277007,
        -0.2000201218689902,
        0.0,
        -11.704140985899528,
        -6.938078345299129,
        5.361931208789768,
        -13.535426071435593,
        -10.389659054093725,
        -8.925237823963956,
        5.684249525939161,
        -58.49562102881455,
        -7.1302471747373355,
        0.0,
        -21.733867521517386,
        -9.549645416411115,
        7.332519437614708,
        -16.93691486655653,
        -5.343337728718037,
        -3.065354978554612,
        -0.29447708713715154,
        2.859985519331893,
        1.4571655434402617,
        0.0,
        1.4444400167066813,
        -0.51122671798485,
        0.7646735482946061,
        -0.4110291240414646,
        -0.9927143411060692,
        -0.8707189746209472
      ],
      [
        -9.216932772559971e-14,
        260.61077443618666,
        106.06781232081298,
        653.0999999999972,
        0.0,
        354.6813188131571,
        237.93135405377157,
        -221.16780112793157,
        -201.29946403649535,
        -211.1367994016737,
        -276.7380541322641,
        4.380762378354379,
        -39.176474869061636,
        4.359503600612991,
        -12.486579381670989,
        -24.973757586645917,
        0.13284505921252934,
        2.630527489433889,
        -0.20002012186899087,
        12.218968140856074,
        0.0,
        11.267391026732913,
        17.351978399986596,
        -17.2282480870153,
        4.397906758583265,
        0.45442765191358575,
        -4.1202541801474935,
        -31.3007449821378,
        -7.130247174737335,
        -90.85859554422267,
        0.0,
        -49.37364687722465,
        -64.26566435451178,
        62.520014963206705,
        11.282578882022168,
        5.540569475351832,
        22.36172941662371,
        4.104555185524137,
        1.4571655434402617,
        12.563794638612196,
        0.0,
        7.309330269711373,
        8.817401898412614,
        -8.5137267350317,
        -1.4671483681024615,
        -1.3386139977918687,
        -3.6682267235100605
      ],
      [
        0.0,
        0.0,
        0.0,
        0.0,
        0.1,
        0.0,
        0.0,
        0.0,
        0.0,
        0.0,
        0.0,
        0.0,
        0.0,
        0.0,
        0.0,
        0.0,
        0.0,
        0.0,
        0.0,
        0.0,
        0.0,
        0.0,
        0.0,
        0.0,
        0.0,
        0.0,
        0.0,
        0.0,
        0.0,
        0.0,
        0.0,
        0.0,
        0.0,
        0.0,
        0.0,
        0.0,
        0.0,
        0.0,
        0.0,
        0.0,
        0.0,
        0.0,
        0.0,
        0.0,
        0.0,
        0.0,
        0.0
      ],
      [
        -2.5424107263916085e-14,
        207.29389692605216,
        214.03865165203808,
        354.6813188131571,
        0.0,
        653.100000000001,
        115.71326449281636,
        -107.62330774519042,
        -67.54875920318665,
        -198.68087746716347,
        -231.24363628623013,
        9.724652212499048,
        -19.592701202653764,
        2.915721928199393,
        -10.857441166430355,
        -15.305560973104289,
        -0.06406119296933456,
        1.7656953977174168,
        -11.704140985899528,
        11.26739102673291,
        0.0,
        1.4436829221876897,
        9.432624603326865,
        -10.132123071054519,
        -2.613213782796665,
        -3.4784640471293455,
        -5.9788305991435555,
        -8.21838513340885,
        -21.733867521517393,
        -49.37364687722464,
        0.0,
        -39.15477363949722,
        -43.84294519575443,
        42.17842469025448,
        -3.8169847118259375,
        1.115903865214972,
        12.644626257016979,
        1.7615783021675493,
        1.4444400167066809,
        7.309330269711373,
        0.0,
        6.257852522404137,
        5.681820215133055,
        -5.540117963063084,
        -0.4034734837641796,
        -1.1992349906278066,
        -2.7057903665196403
      ],
      [
        2.2160051571518125e-13,
        147.92467416713524,
        -23.742804855049076,
        237.93135405377157,
        0.0,
        115.71326449281636,
        653.1000000000007,
        -646.4356675052024,
        260.1573831800254,
        148.5864392896497,
        -15.557473046814009,
        10.774950229786876,
        -21.887497137162907,
        3.6444773590986514,
        -7.981285460026678,
        -14.449186760723972,
        -0.09527474755561133,
        10.003478446230412,
        -6.938078345299126,
        17.351978399986603,
        0.0,
        9.432624603326856,
        0.7152907240250448,
        -2.16009615359813,
        -16.174557263598977,
        -10.716167613018206,
        -11.374355585981174,
        -13.755798160258642,
        -9.549645416411119,
        -64.26566435451178,
        0.0,
        -43.84294519575444,
        -69.46409508479742,
        66.97622146864026,
        -13.380495044548566,
        -8.82635562599401,
        8.850754778134696,
        2.928275533882304,
        -0.5112267179848513,
        8.817401898412614,
        0.0,
        5.681820215133054,
        9.273550266059306,
        -9.174759203500768,
        0.16260069151925616,
        0.2924909054582764,
        -2.124617471138341
      ],
      [
        -3.597122599785507e-14,
        -144.988410036999,
        60.09302248612229,
        -221.16780112793157,
        0.0,
        -107.62330774519042,
        -646.4356675052024,
        653.0999999999973,
        -237.54494132036177,
        -153.82175601944678,
        9.087721893236075,
        -10.689744448222108,
        20.927364881604692,
        -3.4569363283335326,
        7.0024516078681565,
        14.062157551245745,
        0.08365221115916473,
        -9.836635057972273,
        5.361931208789764,
        -17.228248087015306,
        0.0,
        -10.132123071054515,
        -2.160096153598138,
        3.18751101180985,
        15.305841000968433,
        9.597730022686513,
        10.5825527140931,
        13.164576586033855,
        7.332519437614706,
        62.52001496320672,
        0.0,
        42.17842469025449,
        66.97622146864026,
        -65.47930255927025,
        13.948650956123718,
        7.137606252957443,
        -9.95488193221701,
        -2.8032409028358414,
        0.7646735482946059,
        -8.513726735031696,
        0.0,
        -5.540117963063085,
        -9.174759203500768,
        9.230497600738655,
        -0.39024288144643304,
        -0.23012670244565703,
        2.1633626540456117
      ],
      [
        1.4717116414431075e-12,
        -236.324693124375,
        11.121575258919485,
        -201.29946403649535,
        0.0,
        -67.54875920318665,
        260.1573831800254,
        -237.54494132036177,
        653.0999999999982,
        88.8519342706133,
        24.382975113609803,
        11.27694247384958,
        17.206429414052664,
        -0.6766750019152157,
        2.221076394615386,
        7.209250584437319,
        -0.24969955957174672,
        11.620255912721685,
        -13.535426071435593,
        4.3979067585832645,
        0.0,
        -2.613213782796673,
        -16.174557263598974,
        15.305841000968433,
        -28.44848643200144,
        -10.917739953489722,
        -7.128692955713627,
        21.79573799534647,
        -16.93691486655653,
        11.282578882022172,
        0.0,
        -3.8169847118259357,
        -13.380495044548557,
        13.948650956123718,
        -33.15072658656683,
        -11.682959874701254,
        -8.643224254414266,
        -1.7271955590587893,
        -0.4110291240414636,
        -1.4671483681024615,
        0.0,
        -0.4034734837641787,
        0.16260069151925666,
        -0.3902428814464331,
        2.4560336104880887,
        0.08517800759221841,
        0.04014224044202126
      ],
      [
        -2.375877272697835e-14,
        -89.80493226577995,
        12.149956713974095,
        -211.1367994016737,
        0.0,
        -198.68087746716347,
        148.5864392896497,
        -153.82175601944678,
        88.8519342706133,
        653.099999999998,
        631.8558379829327,
        2.8477282652655385,
        13.111446254269596,
        -0.6797004143640181,
        3.014927798226642,
        8.029423437770195,
        -0.15563301526725434,
        4.022466499042085,
        -10.389659054093718,
        0.45442765191358353,
        0.0,
        -3.478464047129349,
        -10.716167613018206,
        9.597730022686513,
        -10.917739953489722,
        -10.231191609831184,
        -7.71198719016844,
        -0.7125048967329931,
        -5.343337728718041,
        5.540569475351826,
        0.0,
        1.1159038652149778,
        -8.826355625994006,
        7.137606252957445,
        -11.682959874701254,
        -8.350934062482324,
        -6.30619797698305,
        0.1551597965119178,
        -0.9927143411060687,
        -1.338613997791869,
        0.0,
        -1.199234990627807,
        0.2924909054582758,
        -0.2301267024456563,
        0.08517800759221858,
        1.9945909307380432,
        1.9703775513492703
      ],
      [
        3.80112608056038e-14,
        -128.4952617502119,
        22.04608382789187,
        -276.7380541322641,
        0.0,
        -231.24363628623013,
        -15.557473046814009,
        9.087721893236075,
        24.382975113609803,
        631.8558379829327,
        653.0999999999995,
        -0.02055857694607087,
        19.060597696502292,
        -1.6556214428138296,
        5.202703224501108,
        11.981601706219799,
        -0.1315668894521447,
        1.517222096218047,
        -8.925237823963958,
        -4.12025418014749,
        0.0,
        -5.978830599143562,
        -11.374355585981178,
        10.5825527140931,
        -7.128692955713633,
        -7.71198719016843,
        -4.922555110562811,
        2.8342159656816532,
        -3.0653549785546015,
        22.361729416623703,
        0.0,
        12.644626257016972,
        8.850754778134693,
        -9.95488193221701,
        -8.643224254414259,
        -6.306197976983053,
        -8.784476548193975,
        -0.5946176615651021,
        -0.8707189746209463,
        -3.6682267235100596,
        0.0,
        -2.7057903665196417,
        -2.12461747113834,
        2.163362654045611,
        0.04014224044202173,
        1.9703775513492667,
        2.5795895057838356
      ],
      [
        -11.78610866196122,
        -3.699240794831729,
        9.540010655263593,
        4.380762378354379,
        0.0,
        9.724652212499048,
        10.774950229786876,
        -10.689744448222108,
        11.27694247384958,
        2.8477282652655385,
        -0.02055857694607087,
        557.9155213319873,
        111.91995431879202,
        32.84117500521809,
        -16.09727415399937,
        -262.6808840425274,
        10.221205265499664,
        -0.8110378666005319,
        -4.54447034207927,
        -12.486579381670952,
        0.0,
        -10.857441166430373,
        -7.981285460026676,
        7.002451607868142,
        2.2210763946154075,
        3.0149277982266276,
        5.202703224501099,
        -1.3444016031923787,
        8.897732359110305,
        15.816116917123878,
        0.0,
        17.66240717138974,
        21.47512164791805,
        -20.213284329860674,
        8.593729725994763,
        1.934501514340339,
        -3.775300237511278,
        -0.35546334074447244,
        -0.4119088321071014,
        -3.233781847775163,
        0.0,
        -2.3903287474016564,
        -2.3077043636735657,
        2.197508617895544,
        0.36057774133087234,
        0.8564148069306364,
        1.4831007236224016
      ],
      [
        -34.19123899582674,
        -11.580235859657883,
        5.418922461288332,
        -39.176474869061636,
        0.0,
        -19.592701202653764,
        -21.887497137162907,
        20.927364881604692,
        17.206429414052664,
        13.111446254269596,
        19.060597696502292,
        111.91995431879202,
        531.7061027185844,
        25.906429937930078,
        83.60459535350837,
        -49.3827497934055,
        5.79598756846421,
        -1.344401603192377,
        8.897732359110302,
        15.816116917123878,
        0.0,
        17.662407171389738,
        21.475121647918037,
        -20.21328432986068,
        8.59372972599476,
        1.9345015143403401,
        -3.7753002375112725,
        -5.594308559831431,
        -2.090564790652997,
        -24.973757586645917,
        0.0,
        -15.3055609731043,
        -14.449186760723972,
        14.062157551245718,
        7.209250584437317,
        8.02942343777018,
        11.981601706219799,
        1.333989368328515,
        0.1841887021613755,
        6.504891129093412,
        0.0,
        4.164996617050897,
        5.172204276530945,
        -5.019550401949973,
        -0.8969076640440479,
        -1.3942775743111429,
        -2.7839512488207023
      ],
      [
        4.6467102777498095,
        0.977465712640834,
        0.4561228582300654,
        4.359503600612991,
        0.0,
        2.915721928199393,
        3.6444773590986514,
        -3.4569363283335326,
        -0.6766750019152157,
        -0.6797004143640181,
        -1.6556214428138296,
        32.84117500521809,
        25.906429937930078,
        29.88628696343006,
        21.33162541265664,
        -22.269516815795583,
        0.5624974191117285,
        -0.35546334074446884,
        -0.4119088321070996,
        -3.233781847775163,
        0.0,
        -2.3903287474016555,
        -2.3077043636735666,
        2.197508617895544,
        0.36057774133087317,
        0.8564148069306362,
        1.4831007236224012,
        1.3339893683285153,
        0.18418870216137553,
        6.504891129093412,
        0.0,
        4.164996617050897,
        5.172204276530944,
        -5.019550401949973,
        -0.8969076640440492,
        -1.3942775743111422,
        -2.783951248820701,
        0.1026460389950875,
        -0.20081934708445434,
        0.1328450592125289,
        0.0,
        -0.06406119296933523,
        -0.09527474755561136,
        0.08365221115916477,
        -0.24969955957174583,
        -0.15563301526725437,
        -0.1315668894521447
      ],
      [
        557.8155213319874,
        -0.811037866600553,
        -4.544470342079255,
        -12.486579381670989,
        0.0,
        -10.857441166430355,
        -7.981285460026678,
        7.0024516078681565,
        2.221076394615386,
        3.014927798226642,
        5.202703224501108,
        -16.09727415399937,
        83.60459535350837,
        21.33162541265664,
        906.6172884497928,
        613.4609305440856,
        28.219027923696423,
        -3.6520468141268356,
        15.872720038348879,
        21.367117676701728,
        0.0,
        26.220699338874127,
        30.27122872157088,
        -28.886535404288033,
        15.858261352583016,
        2.9738679785426965,
        -5.092411859442674,
        -10.368919629003921,
        -3.056330322273176,
        -49.621880664074475,
        0.0,
        -31.930497909100676,
        -30.128030453596683,
        27.948524505072747,
        16.034862826039767,
        14.337063942907859,
        22.54096257497905,
        0.43823585079185456,
        1.8838183002411375,
        5.690486742461743,
        0.0,
        4.992957365767784,
        5.534447106899184,
        -5.155209816160038,
        0.4609948522953988,
        -0.4323911578873174,
        -1.9146593017115698
      ],
      [
        531.6061027185843,
        -5.594308559831414,
        -2.090564790652981,
        -24.973757586645917,
        0.0,
        -15.305560973104289,
        -14.449186760723972,
        14.062157551245745,
        7.209250584437319,
        8.029423437770195,
        11.981601706219799,
        -262.6808840425274,
        -49.3827497934055,
        -22.269516815795583,
        613.4609305440856,
        822.2534865366285,
        16.01781510314528,
        -7.152503458968952,
        15.140107982812978,
        6.988115609151283,
        0.0,
        17.614101886652993,
        21.3256916633849,
        -20.251360846680278,
        20.10842449355224,
        7.162683136501846,
        1.527405168912325,
        -17.72446111928594,
        2.3561542000183193,
        -67.85153282942727,
        0.0,
        -38.27681049457112,
        -40.10112096491969,
        38.033839407973815,
        25.396309532763823,
        20.849499211979452,
        31.748447673857296,
        0.8923777138795524,
        0.9241333627549012,
        6.232790522189429,
        0.0,
        4.630559626234786,
        5.722105978834881,
        -5.509259258941523,
        0.08700477034584367,
        -0.8804000537236485,
        -2.4127188493052714
      ],
      [
        29.786286963430058,
        0.10264603899508663,
        -0.20081934708445479,
        0.13284505921252934,
        0.0,
        -0.06406119296933456,
        -0.09527474755561133,
        0.08365221115916473,
        -0.24969955957174672,
        -0.15563301526725434,
        -0.1315668894521447,
        10.221205265499664,
        5.79598756846421,
        0.5624974191117285,
        28.219027923696423,
        16.01781510314528,
        2.568944207619037,
        0.17085030644058963,
        0.18358984993636962,
        1.2410124068544535,
        0.0,
        0.9045118597479147,
        0.9717946746228614,
        -0.9347803891916148,
        -0.08942448308546876,
        -0.27175854467581695,
        -0.5341070968743087,
        -0.2753970407716111,
        -0.009355194363427605,
        -1.2976364946985468,
        0.0,
        -0.8011426711075039,
        -0.9273198693368545,
        0.9013079685744617,
        0.2615873339021977,
        0.33896951100217726,
        0.589352950694035,
        0.07210962524865427,
        0.0054873547854794435,
        0.27831792739045386,
        0.0,
        0.17435684515992667,
        0.213619212255503,
        -0.19626341077246212,
        -0.0841817468526697,
        -0.04902617140064019,
        -0.10624413532267274
      ],
      [
        -3.699240794831729,
        -8.415564379587197,
        -1.2169076442652846,
        2.630527489433889,
        0.0,
        1.7656953977174168,
        10.003478446230412,
        -9.836635057972273,
        11.620255912721685,
        4.022466499042085,
        1.517222096218047,
        -0.8110378666005319,
        -1.344401603192377,
        -0.35546334074446884,
        -3.6520468141268356,
        -7.152503458968952,
        0.17085030644058963,
        555.7118995549673,
        71.9255332381097,
        213.31900099538356,
        0.0,
        175.64851156372484,
        119.535688753291,
        -117.48788006226563,
        -200.11189397828284,
        -80.2065188340137,
        -111.53876403070346,
        111.48623274915767,
        11.124771772890488,
        57.61741010172244,
        0.0,
        41.592219826348014,
        44.220111956269434,
        -42.89693113143314,
        -32.032169591046184,
        -9.666904829327281,
        -21.05462259787912,
        32.813538967013606,
        4.865672681474137,
        10.984943186418734,
        0.0,
        10.143337307985718,
        5.792651976904894,
        -5.709174545834027,
        -11.747394096208351,
        -5.248171884129303,
        -6.778960171059837
      ],
      [
        9.540010655263593,
        -1.2169076442652818,
        -45.76593275277007,
        -0.20002012186899087,
        0.0,
        -11.704140985899528,
        -6.938078345299126,
        5.361931208789764,
        -13.535426071435593,
        -10.389659054093718,
        -8.925237823963958,
        -4.54447034207927,
        8.897732359110302,
        -0.4119088321070996,
        15.872720038348879,
        15.140107982812978,
        0.18358984993636962,
        71.9255332381097,
        569.2273518540411,
        94.1599708524841,
        0.0,
        183.41962827359296,
        -25.011569809927636,
        57.23927664056178,
        6.650196809266973,
        10.099149377099291,
        19.848052996075367,
        11.124771772890497,
        80.61230537980526,
        20.679320619907287,
        0.0,
        31.246766328243083,
        -7.655031931362447,
        12.910190457198066,
        -7.33277076662348,
        -6.860643864175199,
        -4.528291752434258,
        4.865672681474135,
        33.367280219992786,
        5.560787681438447,
        0.0,
        10.350413698832297,
        -2.228416262384017,
        4.190425865325539,
        -0.4060107435097109,
        0.46971816748472744,
        1.2468847838226174
      ],
      [
        4.380762378354379,
        2.6305274894338924,
        -0.2000201218689902,
        12.218968140856074,
        0.0,
        11.26739102673291,
        17.351978399986603,
        -17.228248087015306,
        4.3979067585832645,
        0.45442765191358353,
        -4.12025418014749,
        -12.486579381670952,
        15.816116917123878,
        -3.233781847775163,
        21.367117676701728,
        6.988115609151283,
        1.2410124068544535,
        213.31900099538356,
        94.1599708524841,
        535.5237632148927,
        0.0,
        288.9687674748849,
        180.30100095398186,
        -166.34926327354017,
        -171.32712549257081,
        -182.5454740940838,
        -232.66220852350847,
        57.61741010172244,
        20.679320619907283,
        153.89583237604538,
        0.0,
        90.25704410099502,
        81.87957029349197,
        -77.88889889230217,
        -32.96257080510257,
        -37.3377707330174,
        -59.38091495093195,
        10.984943186418738,
        5.560787681438447,
        26.827054707606024,
        0.0,
        14.11926287683734,
        6.106014679524484,
        -5.345998310343563,
        -10.180333781232058,
        -10.963013219355783,
        -12.742688003271954
      ],
      [
        0.0,
        0.0,
        0.0,
        0.0,
        0.0,
        0.0,
        0.0,
        0.0,
        0.0,
        0.0,
        0.0,
        0.0,
        0.0,
        0.0,
        0.0,
        0.0,
        0.0,
        0.0,
        0.0,
        0.0,
        0.1,
        0.0,
        0.0,
        0.0,
        0.0,
        0.0,
        0.0,
        0.0,
        0.0,
        0.0,
        0.0,
        0.0,
        0.0,
        0.0,
        0.0,
        0.0,
        0.0,
        0.0,
        0.0,
        0.0,
        0.0,
        0.0,
        0.0,
        0.0,
        0.0,
        0.0,
        0.0
      ],
      [
        9.724652212499048,
        1.7656953977174208,
        -11.704140985899528,
        11.267391026732913,
        0.0,
        1.4436829221876897,
        9.432624603326856,
        -10.132123071054515,
        -2.613213782796673,
        -3.478464047129349,
        -5.978830599143562,
        -10.857441166430373,
        17.662407171389738,
        -2.3903287474016555,
        26.220699338874127,
        17.614101886652993,
        0.9045118597479147,
        175.64851156372484,
        183.41962827359296,
        288.9687674748849,
        0.0,
        552.327946765441,
        84.69875301676214,
        -78.1847948949301,
        -58.48165145064826,
        -170.16637225540808,
        -194.29496419889617,
        41.592219826348,
        31.246766328243083,
        90.257044100995,
        0.0,
        128.9231228485211,
        44.95895442709066,
        -43.60858152406159,
        -14.138619378158088,
        -38.86233095756482,
        -51.054218542869485,
        10.14333730798572,
        10.350413698832295,
        14.119262876837341,
        0.0,
        31.27472767212273,
        1.9939670346861242,
        -1.6527067231417594,
        -3.8249976206456737,
        -10.191115308332169,
        -10.831542911092768
      ],
      [
        10.774950229786876,
        10.003478446230412,
        -6.938078345299129,
        17.351978399986596,
        0.0,
        9.432624603326865,
        0.7152907240250448,
        -2.160096153598138,
        -16.174557263598974,
        -10.716167613018206,
        -11.374355585981178,
        -7.981285460026676,
        21.475121647918037,
        -2.3077043636735666,
        30.27122872157088,
        21.3256916633849,
        0.9717946746228614,
        119.535688753291,
        -25.011569809927636,
        180.30100095398186,
        0.0,
        84.69875301676214,
        545.3961372590117,
        -540.9219064559943,
        226.60553488878332,
        129.16184966643007,
        -7.8155673037704325,
        44.22011195626944,
        -7.655031931362447,
        81.87957029349197,
        0.0,
        44.95895442709066,
        136.09859072628603,
        -135.533197133003,
        27.388048782148633,
        15.992421133864347,
        -18.879520568971593,
        5.7926519769048905,
        -2.2284162623840187,
        6.106014679524487,
        0.0,
        1.9939670346861234,
        29.21942785069875,
        -29.040988988900065,
        13.91304663070989,
        8.003565444519657,
        0.6975759180996325
      ],
      [
        -10.689744448222108,
        -9.836635057972275,
        5.361931208789768,
        -17.2282480870153,
        0.0,
        -10.132123071054519,
        -2.16009615359813,
        3.18751101180985,
        15.305841000968433,
        9.597730022686513,
        10.5825527140931,
        7.002451607868142,
        -20.21328432986068,
        2.197508617895544,
        -28.886535404288033,
        -20.251360846680278,
        -0.9347803891916148,
        -117.48788006226563,
        57.23927664056178,
        -166.34926327354017,
        0.0,
        -78.1847948949301,
        -540.9219064559943,
        547.8162518467751,
        -206.6328901558629,
        -134.20593009322874,
        2.0290867571243365,
        -42.896931131433135,
        12.910190457198064,
        -77.88889889230217,
        0.0,
        -43.60858152406159,
        -135.533197133003,
        137.35736863076374,
        -25.502352443092526,
        -17.400723211581578,
        17.36453699698835,
        -5.709174545834023,
        4.190425865325538,
        -5.345998310343561,
        0.0,
        -1.6527067231417598,
        -29.040988988900068,
        29.530875882611237,
        -12.664509516123625,
        -8.342415511651536,
        -1.0596388528343188
      ],
      [
        11.27694247384958,
        11.620255912721685,
        -13.535426071435593,
        4.397906758583265,
        0.0,
        -2.613213782796665,
        -16.174557263598977,
        15.305841000968433,
        -28.44848643200144,
        -10.917739953489722,
        -7.128692955713633,
        2.2210763946154075,
        8.59372972599476,
        0.36057774133087317,
        15.858261352583016,
        20.10842449355224,
        -0.08942448308546876,
        -200.11189397828284,
        6.650196809266973,
        -171.32712549257081,
        0.0,
        -58.48165145064826,
        226.60553488878332,
        -206.6328901558629,
        560.6382537281638,
        78.39582147735871,
        22.165334273011453,
        -32.0321695910462,
        -7.332770766623486,
        -32.962570805102594,
        0.0,
        -14.138619378158092,
        27.388048782148626,
        -25.502352443092526,
        89.82338645910609,
        3.4958967746339846,
        -3.4943876585964135,
        -11.747394096208351,
        -0.40601074350970884,
        -10.180333781232058,
        0.0,
        -3.8249976206456737,
        13.913046630709893,
        -12.664509516123625,
        33.94701681251228,
        4.710064060571467,
        1.2500107003938141
      ],
      [
        2.8477282652655385,
        4.022466499042086,
        -10.389659054093725,
        0.45442765191358575,
        0.0,
        -3.4784640471293455,
        -10.716167613018206,
        9.597730022686513,
        -10.917739953489722,
        -10.231191609831184,
        -7.71198719016843,
        3.0149277982266276,
        1.9345015143403401,
        0.8564148069306362,
        2.9738679785426965,
        7.162683136501846,
        -0.27175854467581695,
        -80.2065188340137,
        10.099149377099291,
        -182.5454740940838,
        0.0,
        -170.16637225540808,
        129.16184966643007,
        -134.20593009322874,
        78.39582147735871,
        563.2724051628769,
        544.6372850441534,
        -9.666904829327276,
        -6.860643864175195,
        -37.33777073301739,
        0.0,
        -38.86233095756481,
        15.992421133864347,
        -17.400723211581578,
        3.495896774633988,
        106.43663398975745,
        105.13914571199285,
        -5.248171884129303,
        0.46971816748472467,
        -10.963013219355778,
        0.0,
        -10.191115308332169,
        8.003565444519655,
        -8.342415511651534,
        4.710064060571467,
        34.41363182888216,
        33.24745844595557
      ],
      [
        -0.02055857694607087,
        1.5172220962180514,
        -8.925237823963956,
        -4.1202541801474935,
        0.0,
        -5.9788305991435555,
        -11.374355585981174,
        10.5825527140931,
        -7.128692955713627,
        -7.71198719016844,
        -4.922555110562811,
        5.202703224501099,
        -3.7753002375112725,
        1.4831007236224012,
        -5.092411859442674,
        1.527405168912325,
        -0.5341070968743087,
        -111.53876403070346,
        19.848052996075367,
        -232.66220852350847,
        0.0,
        -194.29496419889617,
        -7.8155673037704325,
        2.0290867571243365,
        22.165334273011453,
        544.6372850441534,
        561.4931213240583,
        -21.054622597879124,
        -4.5282917524342565,
        -59.38091495093194,
        0.0,
        -51.054218542869506,
        -18.8795205689716,
        17.364536996988342,
        -3.494387658596422,
        105.13914571199288,
        112.94218184696605,
        -6.778960171059837,
        1.2468847838226162,
        -12.742688003271958,
        0.0,
        -10.831542911092766,
        0.6975759180996316,
        -1.0596388528343201,
        1.2500107003938155,
        33.247458445955566,
        33.961272017736356
      ],
      [
        -11.580235859657883,
        -26.64186687672401,
        5.684249525939161,
        -31.3007449821378,
        0.0,
        -8.21838513340885,
        -13.755798160258642,
        13.164576586033855,
        21.79573799534647,
        -0.7125048967329931,
        2.8342159656816532,
        -1.3444016031923787,
        -5.594308559831431,
        1.3339893683285153,
        -10.368919629003921,
        -17.72446111928594,
        -0.2753970407716111,
        111.48623274915767,
        11.124771772890497,
        57.61741010172244,
        0.0,
        41.592219826348,
        44.22011195626944,
        -42.896931131433135,
        -32.0321695910462,
        -9.666904829327276,
        -21.054622597879124,
        532.6153606076077,
        71.17754144058003,
        198.31050500825708,
        0.0,
        168.55257435414916,
        113.8958572338893,
        -111.69754873276776,
        -186.94895413500268,
        -76.63651615457323,
        -106.475932944927,
        24.766116324274712,
        1.77357536707596,
        13.801595462271267,
        0.0,
        8.587395255058926,
        8.617942213600996,
        -8.399882237285627,
        -9.445110222772612,
        -2.428384790307824,
        -4.658416710831917
      ],
      [
        5.418922461288332,
        5.684249525939168,
        -58.49562102881455,
        -7.130247174737335,
        0.0,
        -21.733867521517393,
        -9.549645416411119,
        7.332519437614706,
        -16.93691486655653,
        -5.343337728718041,
        -3.0653549785546015,
        8.897732359110305,
        -2.090564790652997,
        0.18418870216137553,
        -3.056330322273176,
        2.3561542000183193,
        -0.009355194363427605,
        11.124771772890488,
        80.61230537980526,
        20.679320619907283,
        0.0,
        31.246766328243083,
        -7.655031931362447,
        12.910190457198064,
        -7.332770766623486,
        -6.860643864175195,
        -4.5282917524342565,
        71.17754144058003,
        535.0339901563174,
        86.30655005823797,
        0.0,
        172.4160827465491,
        -22.28092664072208,
        52.359617062863364,
        5.568523500756566,
        11.781508013176731,
        20.719302162724752,
        1.7735753670759595,
        25.589433016010762,
        5.1385846815429135,
        0.0,
        9.123283414249784,
        -0.6191179869688979,
        2.074879704646151,
        0.8938668144892326,
        -0.3530945426668967,
        -0.08195623407381436
      ],
      [
        -39.176474869061636,
        -31.300744982137804,
        -7.1302471747373355,
        -90.85859554422267,
        0.0,
        -49.37364687722464,
        -64.26566435451178,
        62.52001496320672,
        11.282578882022172,
        5.540569475351826,
        22.361729416623703,
        15.816116917123878,
        -24.973757586645917,
        6.504891129093412,
        -49.621880664074475,
        -67.85153282942727,
        -1.2976364946985468,
        57.61741010172244,
        20.679320619907287,
        153.89583237604538,
        0.0,
        90.257044100995,
        81.87957029349197,
        -77.88889889230217,
        -32.962570805102594,
        -37.33777073301739,
        -59.38091495093194,
        198.31050500825708,
        86.30655005823797,
        489.3352042780069,
        0.0,
        264.91437521466395,
        156.39737223517903,
        -143.21718475583987,
        -162.646028186634,
        -173.77700766343708,
        -217.49613062751678,
        13.801595462271267,
        5.138584681542913,
        37.82619081880769,
        0.0,
        21.251620586237507,
        20.252359568492412,
        -19.368650903151067,
        -7.868307672910554,
        -8.100413650929216,
        -13.525261597916783
      ],
      [
        0.0,
        0.0,
        0.0,
        0.0,
        0.0,
        0.0,
        0.0,
        0.0,
        0.0,
        0.0,
        0.0,
        0.0,
        0.0,
        0.0,
        0.0,
        0.0,
        0.0,
        0.0,
        0.0,
        0.0,
        0.0,
        0.0,
        0.0,
        0.0,
        0.0,
        0.0,
        0.0,
        0.0,
        0.0,
        0.0,
        0.1,
        0.0,
        0.0,
        0.0,
        0.0,
        0.0,
        0.0,
        0.0,
        0.0,
        0.0,
        0.0,
        0.0,
        0.0,
        0.0,
        0.0,
        0.0,
        0.0
      ],
      [
        -19.592701202653764,
        -8.218385133408862,
        -21.733867521517386,
        -49.37364687722465,
        0.0,
        -39.15477363949722,
        -43.84294519575444,
        42.17842469025449,
        -3.8169847118259357,
        1.1159038652149778,
        12.644626257016972,
        17.66240717138974,
        -15.3055609731043,
        4.164996617050897,
        -31.930497909100676,
        -38.27681049457112,
        -0.8011426711075039,
        41.592219826348014,
        31.246766328243083,
        90.25704410099502,
        0.0,
        128.9231228485211,
        44.95895442709066,
        -43.60858152406159,
