{
  "schema": "compact_featurewise_ridge_regression_v1",
  "model_family": "compact_featurewise_ridge_regression",
  "score_key": "relative_quality_score",
  "generated_at": "2026-07-13T09:53:37.219937Z",
  "lambda_ridge": 0.1,
  "metrics": {
    "lambda_selected": 0.1,
    "selected_lambda": 0.1,
    "train_fit_metrics": {
      "mse": 0.010969106726507758,
      "rmse": 0.10473350336214175,
      "mae": 0.06864599154783275,
      "r_squared": 0.5132167904528764,
      "samples": 697,
      "avg_val_mse": 0.010969106726507758
    },
    "theta_norm": 0.8084553927062549,
    "lambda_search": [
      {
        "lambda_ridge": 0.1,
        "avg_val_mse": 0.010969106726507758
      },
      {
        "lambda_ridge": 0.5,
        "avg_val_mse": 0.011097428031376791
      },
      {
        "lambda_ridge": 1.0,
        "avg_val_mse": 0.011231131303377417
      },
      {
        "lambda_ridge": 2.0,
        "avg_val_mse": 0.011397253780451895
      },
      {
        "lambda_ridge": 5.0,
        "avg_val_mse": 0.011615440504654986
      },
      {
        "lambda_ridge": 10.0,
        "avg_val_mse": 0.011763052815582872
      },
      {
        "lambda_ridge": 20.0,
        "avg_val_mse": 0.011896956307798665
      }
    ],
    "candidate_points": 21,
    "training_log": [
      {
        "level": "info",
        "message": "Loaded 697 rows from Training Data."
      },
      {
        "level": "info",
        "message": "Using 697 non-baseline rows after phase/run filters."
      },
      {
        "level": "info",
        "message": "Prepared model artifact folder: model_compact-ridge_20260713_095334_final_compact_ridge_with_hard_cap_data_july13."
      },
      {
        "level": "info",
        "message": "Validated one model evaluation step: 5000."
      },
      {
        "level": "info",
        "message": "Loaded multiplier bounds from source_offline_data_pipeline."
      },
      {
        "level": "info",
        "message": "Prepared 697 compact Ridge score rows."
      },
      {
        "level": "info",
        "message": "Searching 7 compact Ridge lambda candidates with 21 multiplier candidate points."
      },
      {
        "level": "info",
        "message": "Lambda 0.1: average validation MSE 0.010969."
      },
      {
        "level": "info",
        "message": "Lambda 0.5: average validation MSE 0.011097."
      },
      {
        "level": "info",
        "message": "Lambda 1: average validation MSE 0.011231."
      },
      {
        "level": "info",
        "message": "Lambda 2: average validation MSE 0.011397."
      },
      {
        "level": "info",
        "message": "Lambda 5: average validation MSE 0.011615."
      },
      {
        "level": "info",
        "message": "Lambda 10: average validation MSE 0.011763."
      },
      {
        "level": "info",
        "message": "Lambda 20: average validation MSE 0.011897."
      },
      {
        "level": "success",
        "message": "Selected lambda 0.1 with lowest validation MSE."
      },
      {
        "level": "info",
        "message": "Saved compact Ridge model artifact and metadata."
      }
    ]
  },
  "model": {
    "version": 1,
    "model_family": "compact_featurewise_ridge_regression",
    "mode": "exif_compact_featurewise",
    "lambda_ridge": 0.1,
    "runs": 697,
    "score_mean": -0.08903411810930598,
    "feature_scaler": {
      "gsd_median": {
        "mean": -3.1320461925302903,
        "std": 0.6963216064245414
      },
      "overlap_proxy": {
        "mean": 0.8327010198222812,
        "std": 0.1208189669257202
      },
      "coverage_spread": {
        "mean": 0.3005569451518509,
        "std": 0.23063658693401926
      },
      "camera_angle_bucket": {
        "mean": 2.0,
        "std": 0.01
      },
      "heading_consistency": {
        "mean": 0.6422335575041765,
        "std": 0.2107139301800317
      },
      "texture_density": {
        "mean": 0.16162692690438263,
        "std": 0.05487673969371954
      },
      "blur_motion_risk": {
        "mean": 0.8740852313202482,
        "std": 0.044460991527271766
      },
      "terrain_roughness_proxy": {
        "mean": 0.7311556229123721,
        "std": 0.18980367537286422
      },
      "vegetation_complexity_score": {
        "mean": 0.15119762891492766,
        "std": 0.09394455904688064
      },
      "vegetation_cover_percentage": {
        "mean": 0.1428597345866476,
        "std": 0.16658425338223173
      }
    },
    "candidate_points": 21,
    "log_multiplier_bounds": {
      "geometry_lr_mult": [
        0.2,
        5.0
      ],
      "appearance_lr_mult": [
        0.2,
        5.0
      ],
      "densification_mult": [
        0.7,
        1.43
      ]
    },
    "action_space": "joint_log_multiplier",
    "design": "x_plus_three_actions_plus_action2_plus_xa",
    "A": [
      [
        697.1,
        9.166001291305292e-13,
        -5.684341886080801e-13,
        4.037326029049382e-13,
        0.0,
        8.670841822322473e-14,
        -1.412203687323199e-13,
        -4.640732242933154e-13,
        1.829647544582258e-13,
        2.5757174171303632e-14,
        -7.616129948928574e-14,
        -0.9236930041269876,
        17.950213624187214,
        1.0816108899990167,
        610.8497335115145,
        597.9604004596606,
        31.30259164193965,
        -2.9600776091204906,
        -4.097950606708776,
        -0.27559494218695124,
        0.0,
        -1.729255340633227,
        -2.187124373319204,
        1.097449072368843,
        1.2206421017209301,
        -3.9504792457919455,
        -3.454855206249755,
        -0.27838700076916334,
        -3.4286521308109297,
        1.9586300256773044,
        0.0,
        0.5288307679697266,
        1.7622629660581688,
        -0.4571831511721993,
        -4.896527160489342,
        -0.15391172814316745,
        -0.6747741393042201,
        -0.337717278541184,
        -0.3456302838742058,
        -0.11094062087692802,
        0.0,
        -0.22499078349642682,
        -0.3283636291568248,
        0.14765723432181127,
        0.340009431098658,
        -0.459430372770798,
        -0.3801521826110885
      ],
      [
        9.166001291305292e-13,
        697.099999999997,
        72.84895512406003,
        285.81283209474844,
        0.0,
        217.3475169904926,
        161.3501714197688,
        -157.7559563952938,
        -262.1282363855896,
        -89.60616329319133,
        -133.44471938238087,
        -2.9600776091204906,
        -0.27838700076916334,
        -0.337717278541184,
        0.37516723107011435,
        0.2332931609909319,
        0.05403205758768587,
        1.5004655666658016,
        -3.772447803036349,
        1.8328476651728594,
        0.0,
        -3.0426019646650446,
        1.3139872144980778,
        -1.6269185715761776,
        0.14537942354672737,
        2.644907141388313,
        2.3826181037108127,
        15.394250716915085,
        -2.0852830831693887,
        7.99477058697203,
        0.0,
        1.9950930575751045,
        5.916115545896712,
        -5.136395341347349,
        -7.298966129514106,
        2.503727926508018,
        1.0113698525571078,
        1.4697052397448163,
        -0.16150012475271913,
        0.6787837975818127,
        0.0,
        0.1569394877519924,
        0.35991605881697963,
        -0.418184996006207,
        -0.4086192201162482,
        -0.03406063880376753,
        -0.12529411921580158
      ],
      [
        -5.684341886080801e-13,
        72.84895512406003,
        697.1000000000015,
        107.65603737684263,
        0.0,
        236.95000214602226,
        -9.524729485460973,
        47.568125767971864,
        34.79242544541549,
        23.019122283515753,
        29.68961019938067,
        -4.097950606708776,
        -3.4286521308109297,
        -0.3456302838742058,
        -2.1208372119682433,
        -2.0615173432265883,
        0.1020133508954407,
        -3.772447803036351,
        18.349471123755507,
        -1.3414681520316836,
        0.0,
        5.761953286380193,
        4.450405933675848,
        -4.14684403359431,
        9.464976324124816,
        4.498657623991302,
        3.3894076624711924,
        -2.0852830831693785,
        30.68099967784587,
        0.880942844268511,
        0.0,
        10.152186469520457,
        4.498339561844437,
        -3.288710548589637,
        9.272942446796353,
        5.1251472552891375,
        4.079921879222242,
        -0.1615001247527191,
        2.8431340594299206,
        0.10154725308504917,
        0.0,
        0.9215712327505019,
        0.31822567680617775,
        -0.22667886559443262,
        0.8393836242379271,
        0.38796220163108736,
        0.3173729437802758
      ],
      [
        4.037326029049382e-13,
        285.81283209474844,
        107.65603737684263,
        697.1000000000009,
        0.0,
        387.38858942239733,
        280.2654665935425,
        -263.18054166751193,
        -208.786220430411,
        -213.68835816525288,
        -293.50630650951956,
        -0.27559494218695124,
        1.9586300256773044,
        -0.11094062087692802,
        1.756656586920677,
        1.5766814415412072,
        -0.012714108126657084,
        1.8328476651728558,
        -1.3414681520316776,
        0.114550662359439,
        0.0,
        -2.9249957622627076,
        0.17703373753891818,
        -0.7701207805492774,
        0.7690962035338688,
        2.031278956958049,
        2.0237353091699855,
        7.994770586972026,
        0.8809428442685132,
        13.75418041934149,
        0.0,
        5.101972807262173,
        6.762257828278884,
        -6.150833867936979,
        -5.340428959711278,
        -0.5993655676218674,
        -2.4449845162634385,
        0.6787837975818114,
        0.10154725308505028,
        1.3720625458232614,
        0.0,
        0.5121957949482528,
        0.5178074282199898,
        -0.5653935537317639,
        -0.26742684565674624,
        -0.32201783881472,
        -0.46764719464788285
      ],
      [
        0.0,
        0.0,
        0.0,
        0.0,
        0.1,
        0.0,
        0.0,
        0.0,
        0.0,
        0.0,
        0.0,
        0.0,
        0.0,
        0.0,
        0.0,
        0.0,
        0.0,
        0.0,
        0.0,
        0.0,
        0.0,
        0.0,
        0.0,
        0.0,
        0.0,
        0.0,
        0.0,
        0.0,
        0.0,
        0.0,
        0.0,
        0.0,
        0.0,
        0.0,
        0.0,
        0.0,
        0.0,
        0.0,
        0.0,
        0.0,
        0.0,
        0.0,
        0.0,
        0.0,
        0.0,
        0.0,
        0.0
      ],
      [
        8.670841822322473e-14,
        217.3475169904926,
        236.95000214602226,
        387.38858942239733,
        0.0,
        697.0999999999997,
        151.0659110943423,
        -141.33875415856832,
        -63.29715274725533,
        -202.70400452170384,
        -246.44326952016388,
        -1.729255340633227,
        0.5288307679697266,
        -0.22499078349642682,
        0.8190591051056942,
        0.6780721899219855,
        0.025382463636038563,
        -3.0426019646650526,
        5.761953286380196,
        -2.9249957622627174,
        0.0,
        -2.174117446250583,
        -0.28250055579550565,
        0.11850166449484774,
        4.050601418319559,
        2.038875789598926,
        2.149527323208693,
        1.9950930575751094,
        10.15218646952046,
        5.101972807262177,
        0.0,
        11.518887241885668,
        3.9275735798247142,
        -3.0423966575395225,
        0.5398154965339997,
        -0.40145651326041876,
        -1.4655870061388274,
        0.15693948775199099,
        0.9215712327505006,
        0.5121957949482531,
        0.0,
        1.1918667701801537,
        0.2232396505733874,
        -0.2513780426070937,
        0.2823602291709979,
        -0.29895718622005163,
        -0.36311869238535655
      ],
      [
        -1.412203687323199e-13,
        161.3501714197688,
        -9.524729485460973,
        280.2654665935425,
        0.0,
        151.0659110943423,
        697.1000000000013,
        -689.7843909286586,
        270.16267905295376,
        163.63908120223533,
        -18.008864252059595,
        -2.187124373319204,
        1.7622629660581688,
        -0.3283636291568248,
        1.984532757414243,
        1.7143339417733539,
        0.02232654160421406,
        1.313987214498076,
        4.450405933675839,
        0.1770337375389099,
        0.0,
        -0.2825005557955146,
        -0.6011095798254219,
        0.3254627292569712,
        1.8777503573678662,
        1.6583526136238842,
        1.9148382929852468,
        5.916115545896703,
        4.498339561844448,
        6.762257828278885,
        0.0,
        3.927573579824701,
        14.741983159533609,
        -13.35351635822992,
        2.8712600576238954,
        6.992482351893143,
        3.25424075681986,
        0.35991605881697675,
        0.31822567680617786,
        0.5178074282199938,
        0.0,
        0.22323965057338752,
        1.248146444733237,
        -1.3164851706070224,
        0.8464395962506961,
        0.3636555907526449,
        0.045981655702160895
      ],
      [
        -4.640732242933154e-13,
        -157.7559563952938,
        47.568125767971864,
        -263.18054166751193,
        0.0,
        -141.33875415856832,
        -689.7843909286586,
        697.0999999999998,
        -250.53864214979737,
        -166.68764159321884,
        13.542853496110862,
        1.097449072368843,
        -0.4571831511721993,
        0.14765723432181127,
        -0.6252730285448314,
        -0.525581938337754,
        -0.015021656434828584,
        -1.6269185715761874,
        -4.146844033594316,
        -0.7701207805492887,
        0.0,
        0.11850166449484696,
        0.3254627292569694,
        -0.36394350508983647,
        -0.9444080942683528,
        -1.7462110411992777,
        -1.9224389516734286,
        -5.136395341347349,
        -3.2887105485896377,
        -6.1508338679369805,
        0.0,
        -3.0423966575395083,
        -13.353516358229909,
        12.851988177248263,
        -3.988747693734828,
        -5.690774356089442,
        -2.2935427702085334,
        -0.4181849960062053,
        -0.2266788655944316,
        -0.5653935537317665,
        0.0,
        -0.2513780426070946,
        -1.316485170607023,
        1.351808505505424,
        -0.6379100710646735,
        -0.4345066916789741,
        -0.0975967344088784
      ],
      [
        1.829647544582258e-13,
        -262.1282363855896,
        34.79242544541549,
        -208.786220430411,
        0.0,
        -63.29715274725533,
        270.16267905295376,
        -250.53864214979737,
        697.1000000000012,
        101.21638665616787,
        32.17241766688048,
        1.2206421017209301,
        -4.896527160489342,
        0.340009431098658,
        -4.502361936206792,
        -4.022744660226397,
        0.022527308850446792,
        0.1453794235467407,
        9.464976324124809,
        0.7690962035338695,
        0.0,
        4.050601418319559,
        1.8777503573678644,
        -0.9444080942683493,
        -1.2402584958254392,
        2.5080576241345125,
        2.0709232899483156,
        -7.298966129514107,
        9.272942446796355,
        -5.340428959711278,
        0.0,
        0.5398154965340002,
        2.871260057623891,
        -3.9887476937348314,
        17.753802535486308,
        0.5819470082146849,
        -0.1012423790608814,
        -0.40861922011624485,
        0.839383624237927,
        -0.2674268456567458,
        0.0,
        0.2823602291709969,
        0.8464395962506956,
        -0.6379100710646732,
        1.0521690037270004,
        0.5495798353548565,
        0.33627158413280506
      ],
      [
        2.5757174171303632e-14,
        -89.60616329319133,
        23.019122283515753,
        -213.68835816525288,
        0.0,
        -202.70400452170384,
        163.63908120223533,
        -166.68764159321884,
        101.21638665616787,
        697.0999999999985,
        672.7465000548171,
        -3.9504792457919455,
        -0.15391172814316745,
        -0.459430372770798,
        0.6894925698763609,
        0.4818622907607397,
        0.07016461581699851,
        2.644907141388322,
        4.498657623991307,
        2.031278956958054,
        0.0,
        2.0388757895989302,
        1.658352613623885,
        -1.7462110411992773,
        2.5080576241345116,
        -1.5571678629067118,
        -2.0038935495458974,
        2.5037279265080166,
        5.125147255289129,
        -0.599365567621865,
        0.0,
        -0.40145651326041193,
        6.992482351893138,
        -5.690774356089445,
        0.5819470082146849,
        13.557110597125344,
        12.065457353365225,
        -0.03406063880376886,
        0.38796220163108847,
        -0.3220178388147209,
        0.0,
        -0.29895718622004985,
        0.36365559075264536,
        -0.4345066916789741,
        0.5495798353548553,
        1.1829313375942685,
        1.1235883604063586
      ],
      [
        -7.616129948928574e-14,
        -133.44471938238087,
        29.68961019938067,
        -293.50630650951956,
        0.0,
        -246.44326952016388,
        -18.008864252059595,
        13.542853496110862,
        32.17241766688048,
        672.7465000548171,
        697.1000000000015,
        -3.454855206249755,
        -0.6747741393042201,
        -0.3801521826110885,
        0.13435450631511284,
        -0.0018347686308637368,
        0.06619172883399935,
        2.382618103710809,
        3.3894076624711924,
        2.0237353091699783,
        0.0,
        2.1495273232086802,
        1.9148382929852454,
        -1.9224389516734266,
        2.070923289948317,
        -2.0038935495458894,
        -2.5467471725739066,
        1.0113698525571158,
        4.0799218792222405,
        -2.4449845162634367,
        0.0,
        -1.4655870061388299,
        3.2542407568198595,
        -2.293542770208541,
        -0.10124237906087741,
        12.06545735336524,
        11.539322840112673,
        -0.12529411921580202,
        0.317372943780277,
        -0.4676471946478829,
        0.0,
        -0.3631186923853572,
        0.04598165570215795,
        -0.0975967344088775,
        0.3362715841328041,
        1.1235883604063601,
        1.1471307360810938
      ],
      [
        -0.9236930041269876,
        -2.9600776091204906,
        -4.097950606708776,
        -0.27559494218695124,
        0.0,
        -1.729255340633227,
        -2.187124373319204,
        1.097449072368843,
        1.2206421017209301,
        -3.9504792457919455,
        -3.454855206249755,
        610.9497335115144,
        119.27613447736105,
        38.54977858702225,
        -12.668785960400132,
        -258.8185599553768,
        9.752485063485757,
        0.375167231070113,
        -2.1208372119682575,
        1.7566565869206698,
        0.0,
        0.8190591051056949,
        1.9845327574142928,
        -0.6252730285448194,
        -4.502361936206808,
        0.689492569876348,
        0.1343545063150984,
        -4.0280400529182465,
        -4.8368002283389835,
        -0.857359525817085,
        0.0,
        -2.5212069644095525,
        -3.454514254985261,
        1.6295970323154347,
        2.8790092869398083,
        -5.428658588430907,
        -4.616297654789093,
        0.18217088722626668,
        -0.18092269072891382,
        0.29940556333294677,
        0.0,
        0.20483310297437177,
        0.41468450651670036,
        -0.14729636584370687,
        -0.7883426933742382,
        0.27409483814415186,
        0.16282881294098978
      ],
      [
        17.950213624187214,
        -0.27838700076916334,
        -3.4286521308109297,
        1.9586300256773044,
        0.0,
        0.5288307679697266,
        1.7622629660581688,
        -0.4571831511721993,
        -4.896527160489342,
        -0.15391172814316745,
        -0.6747741393042201,
        119.27613447736105,
        598.0604004596606,
        21.557051357439736,
        153.42643798568974,
        36.200889287853975,
        7.568890357025322,
        -4.02804005291825,
        -4.8368002283389835,
        -0.8573595258170774,
        0.0,
        -2.521206964409552,
        -3.454514254985261,
        1.6295970323154427,
        2.879009286939803,
        -5.428658588430911,
        -4.6162976547891,
        0.2332931609909199,
        -2.0615173432265785,
        1.5766814415411938,
        0.0,
        0.6780721899219884,
        1.714333941773361,
        -0.5255819383377682,
        -4.022744660226348,
        0.48186229076073794,
        -0.0018347686308708422,
        -0.4680902099296046,
        -0.37252558131522717,
        -0.22323965341551005,
        0.0,
        -0.33605200045908123,
        -0.5240161369721397,
        0.22427632795719105,
        0.6466942134380476,
        -0.6444076474189337,
        -0.5146597030033572
      ],
      [
        1.0816108899990167,
        -0.337717278541184,
        -0.3456302838742058,
        -0.11094062087692802,
        0.0,
        -0.22499078349642682,
        -0.3283636291568248,
        0.14765723432181127,
        0.340009431098658,
        -0.459430372770798,
        -0.3801521826110885,
        38.54977858702225,
        21.557051357439736,
        31.40259164193965,
        18.957460543101735,
        -28.300103757177165,
        0.29269867669749294,
        0.18217088722626937,
        -0.18092269072891426,
        0.2994055633329471,
        0.0,
        0.20483310297437088,
        0.41468450651669947,
        -0.14729636584370784,
        -0.7883426933742413,
        0.2740948381441528,
        0.16282881294098805,
        -0.4680902099296042,
        -0.3725255813152266,
        -0.22323965341550972,
        0.0,
        -0.33605200045907946,
        -0.5240161369721394,
        0.224276327957191,
        0.6466942134380484,
        -0.6444076474189337,
        -0.5146597030033576,
        0.05403205758768659,
        0.10201335089544067,
        -0.01271410812665707,
        0.0,
        0.025382463636038813,
        0.02232654160421345,
        -0.015021656434828778,
        0.02252730885044578,
        0.07016461581699895,
        0.06619172883399896
      ],
      [
        610.8497335115145,
        0.37516723107011435,
        -2.1208372119682433,
        1.756656586920677,
        0.0,
        0.8190591051056942,
        1.984532757414243,
        -0.6252730285448314,
        -4.502361936206792,
        0.6894925698763609,
        0.13435450631511284,
        -12.668785960400132,
        153.42643798568974,
        18.957460543101735,
        1011.3903889067027,
        709.4490382425174,
        29.94453651564512,
        -6.093654502889988,
        -7.2060234631360975,
        -1.369490923114123,
        0.0,
        -3.8393542891649304,
        -5.29788356350904,
        2.4857327350920184,
        4.538389442028265,
        -8.220469403222799,
        -6.970800127626235,
        0.6140543939225142,
        -5.117014007634396,
        3.948414241780481,
        0.0,
        1.7145244657877847,
        4.312416972672644,
        -1.3264665449578636,
        -10.079270725576192,
        1.2462108659876754,
        0.03070925538946953,
        -0.7284592308997659,
        -0.5514358939539818,
        -0.36587001584329787,
        0.0,
        -0.5294070827322239,
        -0.8337951462190123,
        0.3542387419214324,
        1.0530145259688706,
        -1.00487478026193,
        -0.7976787542986747
      ],
      [
        597.9604004596606,
        0.2332931609909319,
        -2.0615173432265883,
        1.5766814415412072,
        0.0,
        0.6780721899219855,
        1.7143339417733539,
        -0.525581938337754,
        -4.022744660226397,
        0.4818622907607397,
        -0.0018347686308637368,
        -258.8185599553768,
        36.200889287853975,
        -28.300103757177165,
        709.4490382425174,
        934.8814236961075,
        18.365887147354925,
        -5.830293805695076,
        -7.921421585015899,
        -0.6406894845089213,
        0.0,
        -3.440113090045326,
        -4.404900267974462,
        2.1892173455861608,
        2.6513567102933884,
        -7.791762376773581,
        -6.787575910501678,
        0.33494898168060194,
        -5.448509367351646,
        3.886627339002932,
        0.0,
        1.5389992391705296,
        4.070691494714782,
        -1.2128787070783975,
        -9.87377265465512,
        0.8697947446321939,
        -0.2887373383307106,
        -0.698850056763092,
        -0.7130116076490535,
        -0.231016466025398,
        0.0,
        -0.46608406120851054,
        -0.6809253577976837,
        0.3059597561460099,
        0.7072376096863391,
        -0.9508734334013387,
        -0.7864076525334318
      ],
      [
        31.30259164193965,
        0.05403205758768587,
        0.1020133508954407,
        -0.012714108126657084,
        0.0,
        0.025382463636038563,
        0.02232654160421406,
        -0.015021656434828584,
        0.022527308850446792,
        0.07016461581699851,
        0.06619172883399935,
        9.752485063485757,
        7.568890357025322,
        0.29269867669749294,
        29.94453651564512,
        18.365887147354925,
        2.6404854513591975,
        -0.09259854983637314,
        -0.01959427872015041,
        -0.07944078723254519,
        0.0,
        -0.07877052164199079,
        -0.13864602517073701,
        0.05432886756437582,
        0.21701602881763077,
        -0.13134661942272352,
        -0.09559169958403224,
        0.06305967646373725,
        0.004117749954126126,
        0.06011562001811002,
        0.0,
        0.05573902764859706,
        0.10038412416868131,
        -0.03869689891700949,
        -0.16298047561359777,
        0.09010687806818651,
        0.06403738867213697,
        -0.013632596862571202,
        -0.0047260116587727,
        -0.010494743919236294,
        0.0,
        -0.01117843594192491,
        -0.019221130936363663,
        0.007659373744238043,
        0.02891760177188582,
        -0.019205518548592627,
        -0.014284932466943234
      ],
      [
        -2.9600776091204906,
        1.5004655666658016,
        -3.772447803036351,
        1.8328476651728558,
        0.0,
        -3.0426019646650526,
        1.313987214498076,
        -1.6269185715761874,
        0.1453794235467407,
        2.644907141388322,
        2.382618103710809,
        0.375167231070113,
        -4.02804005291825,
        0.18217088722626937,
        -6.093654502889988,
        -5.830293805695076,
        -0.09259854983637314,
        608.2272313358553,
        61.17375409961527,
        250.5752783925462,
        0.0,
        187.93160540198684,
        142.61633800516722,
        -138.80601787075798,
        -230.16233313420412,
        -74.88278059483972,
        -113.55131569232618,
        123.25152436225349,
        8.343130104495184,
        51.81653327949586,
        0.0,
        34.25841399229883,
        29.29752202407294,
        -29.27585671190868,
        -45.00370587578837,
        -13.008188291137024,
        -20.8651754591157,
        38.00437281662025,
        3.740773371118701,
        15.732310405871004,
        0.0,
        11.714784686014603,
        9.060100820014455,
        -8.74042375502044,
        -14.560717626000955,
        -4.460461766880692,
        -6.912799475586059
      ],
      [
        -4.097950606708776,
        -3.772447803036349,
        18.349471123755507,
        -1.3414681520316776,
        0.0,
        5.761953286380196,
        4.450405933675839,
        -4.146844033594316,
        9.464976324124809,
        4.498657623991307,
        3.3894076624711924,
        -2.1208372119682575,
        -4.8368002283389835,
        -0.18092269072891426,
        -7.2060234631360975,
        -7.921421585015899,
        -0.01959427872015041,
        61.17375409961527,
        617.9792644536104,
        92.95826651996111,
        0.0,
        209.9103286842734,
        -5.156585698842142,
        38.62344756818849,
        35.77806681177213,
        23.162431888027683,
        28.181850774869172,
        8.343130104495179,
        142.84923312201408,
        17.22397508232613,
        0.0,
        47.971443133239994,
        3.357462855444294,
        3.5867338613306052,
        17.0779708683855,
        9.104419136186452,
        9.01913562260682,
        3.7407733711186992,
        38.917556434088226,
        5.774865681029893,
        0.0,
        13.226395370029776,
        -0.1841844637712396,
        2.2944880065816746,
        2.4038802401817905,
        1.5788345352125674,
        1.85701019687988
      ],
      [
        -0.27559494218695124,
        1.8328476651728594,
        -1.3414681520316836,
        0.114550662359439,
        0.0,
        -2.9249957622627174,
        0.1770337375389099,
        -0.7701207805492887,
        0.7690962035338695,
        2.031278956958054,
        2.0237353091699783,
        1.7566565869206698,
        -0.8573595258170774,
        0.2994055633329471,
        -1.369490923114123,
        -0.6406894845089213,
        -0.07944078723254519,
        250.5752783925462,
        92.95826651996111,
        607.0930961428705,
        0.0,
        335.7801066416531,
        245.11472863303763,
        -229.87395910012975,
        -183.05079571756826,
        -183.38591157922878,
        -253.13246311012162,
        51.81653327949584,
        17.223975082326135,
        121.73251787524164,
        0.0,
        64.140926435449,
        48.830824276326055,
        -46.73807617333085,
        -35.05671503975629,
        -35.34115339315491,
        -49.20806031129325,
        15.73231040587101,
        5.774865681029895,
        37.874798181348325,
        0.0,
        20.912671693277378,
        15.395032045491485,
        -14.382956633032435,
        -11.579271197500415,
        -11.251760078002954,
        -15.627967909233503
      ],
      [
        0.0,
        0.0,
        0.0,
        0.0,
        0.0,
        0.0,
        0.0,
        0.0,
        0.0,
        0.0,
        0.0,
        0.0,
        0.0,
        0.0,
        0.0,
        0.0,
        0.0,
        0.0,
        0.0,
        0.0,
        0.1,
        0.0,
        0.0,
        0.0,
        0.0,
        0.0,
        0.0,
        0.0,
        0.0,
        0.0,
        0.0,
        0.0,
        0.0,
        0.0,
        0.0,
        0.0,
        0.0,
        0.0,
        0.0,
        0.0,
        0.0,
        0.0,
        0.0,
        0.0,
        0.0,
        0.0,
        0.0
      ],
      [
        -1.729255340633227,
        -3.0426019646650446,
        5.761953286380193,
        -2.9249957622627076,
        0.0,
        -2.174117446250583,
        -0.2825005557955146,
        0.11850166449484696,
        4.050601418319559,
        2.0388757895989302,
        2.1495273232086802,
        0.8190591051056949,
        -2.521206964409552,
        0.20483310297437088,
        -3.8393542891649304,
        -3.440113090045326,
        -0.07877052164199079,
        187.93160540198684,
        209.9103286842734,
        335.7801066416531,
        0.0,
        605.6306405094662,
        132.44325975276624,
        -123.33629673342911,
        -54.41736515768039,
        -173.83757928603885,
        -212.12752242302773,
        34.25841399229881,
        47.971443133239994,
        64.140926435449,
        0.0,
        119.10908572028193,
        25.72869787592364,
        -24.42744263019919,
        -5.870765392917273,
        -33.410118120667086,
        -40.837370640843744,
        11.714784686014605,
        13.22639537002978,
        20.91267169327737,
        0.0,
        37.728151420236586,
        8.366621382034221,
        -7.726981016680191,
        -3.4892347093334775,
        -10.657989825420403,
        -13.072207098800547
      ],
      [
        -2.187124373319204,
        1.3139872144980778,
        4.450405933675848,
        0.17703373753891818,
        0.0,
        -0.28250055579550565,
        -0.6011095798254219,
        0.3254627292569694,
        1.8777503573678644,
        1.658352613623885,
        1.9148382929852454,
        1.9845327574142928,
        -3.454514254985261,
        0.41468450651669947,
        -5.29788356350904,
        -4.404900267974462,
        -0.13864602517073701,
        142.61633800516722,
        -5.156585698842142,
        245.11472863303763,
        0.0,
        132.44325975276624,
        608.0991768537997,
        -600.5766246163846,
        232.75916086511293,
        145.43263818466374,
        -12.95125742136364,
        29.29752202407291,
        3.3574628554443,
        48.83082427632603,
        0.0,
        25.728697875923654,
        120.5022175426234,
        -119.9278868548624,
        50.319069224255664,
        29.922617482672617,
        -1.3690283048641618,
        9.06010082001445,
        -0.1841844637712404,
        15.395032045491487,
        0.0,
        8.366621382034221,
        38.069006810503176,
        -37.47882588840673,
        14.193093738498922,
        9.305467454417762,
        -0.6085654955367139
      ],
      [
        1.097449072368843,
        -1.6269185715761776,
        -4.14684403359431,
        -0.7701207805492774,
        0.0,
        0.11850166449484774,
        0.3254627292569712,
        -0.36394350508983647,
        -0.9444080942683493,
        -1.7462110411992773,
        -1.9224389516734266,
        -0.6252730285448194,
        1.6295970323154427,
        -0.14729636584370784,
        2.4857327350920184,
        2.1892173455861608,
        0.05432886756437582,
        -138.80601787075798,
        38.62344756818849,
        -229.87395910012975,
        0.0,
        -123.33629673342911,
        -600.5766246163846,
        606.4100717502092,
        -217.16850227532237,
        -146.88781508237278,
        9.973321353992645,
        -29.275856711908666,
        3.5867338613306,
        -46.73807617333087,
        0.0,
        -24.427442630199213,
        -119.9278868548624,
        121.28972376160648,
        -45.239019332777595,
        -30.906920422992336,
        0.32461764250873454,
        -8.74042375502044,
        2.2944880065816755,
        -14.382956633032435,
        0.0,
        -7.726981016680188,
        -37.478825888406725,
        37.7822488973615,
        -13.410577054227401,
        -9.27075656133639,
        0.5156692476560757
      ],
      [
        1.2206421017209301,
        0.14537942354672737,
        9.464976324124816,
        0.7690962035338688,
        0.0,
        4.050601418319559,
        1.8777503573678662,
        -0.9444080942683528,
        -1.2402584958254392,
        2.5080576241345116,
        2.070923289948317,
        -4.502361936206808,
        2.879009286939803,
        -0.7883426933742413,
        4.538389442028265,
        2.6513567102933884,
        0.21701602881763077,
        -230.16233313420412,
        35.77806681177213,
        -183.05079571756826,
        0.0,
        -54.41736515768039,
        232.75916086511293,
        -217.16850227532237,
        610.8452854606584,
        86.39883718297608,
        26.948871054951088,
        -45.003705875788356,
        17.0779708683855,
        -35.05671503975629,
        0.0,
        -5.8707653929172805,
        50.319069224255664,
        -45.239019332777595,
        118.88585638038178,
        21.468907002953014,
        8.655997937756844,
        -14.560717626000955,
        2.40388024018179,
        -11.579271197500418,
        0.0,
        -3.4892347093334792,
        14.19309373849892,
        -13.410577054227403,
        38.54554447797172,
        5.111953872361638,
        1.4887026253982563
      ],
      [
        -3.9504792457919455,
        2.644907141388313,
        4.498657623991302,
        2.031278956958049,
        0.0,
        2.038875789598926,
        1.6583526136238842,
        -1.7462110411992777,
        2.5080576241345125,
        -1.5571678629067118,
        -2.0038935495458894,
        0.689492569876348,
        -5.428658588430911,
        0.2740948381441528,
        -8.220469403222799,
        -7.791762376773581,
        -0.13134661942272352,
        -74.88278059483972,
        23.162431888027683,
        -183.38591157922878,
        0.0,
        -173.83757928603885,
        145.43263818466374,
        -146.88781508237278,
        86.39883718297608,
        607.2704017340599,
        585.2622218409405,
        -13.008188291137017,
        9.10441913618646,
        -35.34115339315491,
        0.0,
        -33.41011812066708,
        29.922617482672617,
        -30.906920422992332,
        21.468907002953024,
        119.4673474176802,
        114.86504317914826,
        -4.460461766880692,
        1.5788345352125681,
        -11.25176007800295,
        0.0,
        -10.657989825420403,
        9.305467454417762,
        -9.270756561336391,
        5.111953872361637,
        37.972008655542176,
        36.54307414202277
      ],
      [
        -3.454855206249755,
        2.3826181037108127,
        3.3894076624711924,
        2.0237353091699855,
        0.0,
        2.149527323208693,
        1.9148382929852468,
        -1.9224389516734286,
        2.0709232899483156,
        -2.0038935495458974,
        -2.5467471725739066,
        0.1343545063150984,
        -4.6162976547891,
        0.16282881294098805,
        -6.970800127626235,
        -6.787575910501678,
        -0.09559169958403224,
        -113.55131569232618,
        28.181850774869172,
        -253.13246311012162,
        0.0,
        -212.12752242302773,
        -12.95125742136364,
        9.973321353992645,
        26.948871054951088,
        585.2622218409405,
        605.7260013676224,
        -20.865175459115687,
        9.019135622606827,
        -49.20806031129324,
        0.0,
        -40.83737064084375,
        -1.3690283048641738,
        0.32461764250873365,
        8.65599793775684,
        114.8650431791482,
        118.58853123038827,
        -6.912799475586059,
        1.8570101968798782,
        -15.627967909233499,
        0.0,
        -13.072207098800545,
        -0.6085654955367137,
        0.5156692476560747,
        1.4887026253982554,
        36.54307414202277,
        37.75898009604132
      ],
      [
        -0.27838700076916334,
        15.394250716915085,
        -2.0852830831693785,
        7.994770586972026,
        0.0,
        1.9950930575751094,
        5.916115545896703,
        -5.136395341347349,
        -7.298966129514107,
        2.5037279265080166,
        1.0113698525571158,
        -4.0280400529182465,
        0.2332931609909199,
        -0.4680902099296042,
        0.6140543939225142,
        0.33494898168060194,
        0.06305967646373725,
        123.25152436225349,
        8.343130104495179,
        51.81653327949584,
        0.0,
        34.25841399229881,
        29.29752202407291,
        -29.275856711908666,
        -45.003705875788356,
        -13.008188291137017,
        -20.865175459115687,
        595.6880276225583,
        59.95424013658325,
        245.3600560670476,
        0.0,
        184.06120983068908,
        139.5698950152396,
        -135.90099021274347,
        -225.28011262308132,
        -73.48900302278336,
        -111.33420365895947,
        22.19242147564394,
        1.9991337354128962,
        9.150876072082971,
        0.0,
        6.589271823886266,
        5.08549959374238,
        -5.087899599234911,
        -8.091222978237013,
        -2.785959578725777,
        -4.162310480230393
      ],
      [
        -3.4286521308109297,
        -2.0852830831693887,
        30.68099967784587,
        0.8809428442685132,
        0.0,
        10.15218646952046,
        4.498339561844448,
        -3.2887105485896377,
        9.272942446796355,
        5.125147255289129,
        4.0799218792222405,
        -4.8368002283389835,
        -2.0615173432265785,
        -0.3725255813152266,
        -5.117014007634396,
        -5.448509367351646,
        0.004117749954126126,
        8.343130104495184,
        142.84923312201408,
